FramewiseDisplacement
1.112648500000000679e-01
8.886454000000006126e-02
8.330101000000003642e-02
9.129612000000006389e-02
1.183254199999999728e-01
5.955045000000000477e-02
1.416746499999999298e-01
2.243956999999999480e-01
2.586653999999999898e-01
2.009004000000000623e-01
9.733599999999990871e-02
2.520229999999999693e-02
5.132660000000006939e-02
7.824058999999999875e-02
3.314209000000002681e-02
2.309309999999994284e-02
8.439300999999994890e-02
9.445823999999999887e-02
4.670290000000001940e-02
1.081335000000008262e-02
1.124781599999999937e-01
5.119855999999990692e-02
1.234055899999999678e-01
1.410183100000000356e-01
1.183685000000000848e-01
2.824670000000004469e-02
3.493406000000008615e-02
1.307380400000000553e-01
1.555339000000000860e-01
5.139964000000001726e-02
2.533508399999999661e-01
1.275489199999999546e-01
9.724644999999998429e-02
5.952101999999997312e-02
4.088945999999998859e-02
7.484153999999995643e-02
3.574118000000001127e-02
1.068454900000000568e-01
8.186479999999998758e-02
7.549734999999997698e-02
1.157690999999999859e-01
1.084326700000000365e-01
1.134320800000000323e-01
2.199458500000000261e-01
1.229160500000000406e-01
1.099818199999999802e-01
1.399796200000000268e-01
8.292366999999997712e-02
1.062320300000000467e-01
1.023675999999999614e-01
6.037753000000002646e-02
9.368923000000002610e-02
4.845690000000002495e-02
5.383960000000004298e-02
5.711950000000001748e-02
8.741330000000002709e-02
8.046670000000004375e-02
7.841354999999998465e-02
8.770595000000006025e-02
5.409625000000003320e-02
3.995865000000000528e-02
3.494464999999998683e-02
1.985105900000000145e-01
1.522015900000000255e-01
1.026606250000000331e-01
6.973485500000001225e-02
9.030632000000000936e-02
7.859801000000003757e-02
5.352250699999998307e-02
4.367984699999995918e-02
5.345207999999999210e-02
6.626288999999999096e-02
4.576798000000003447e-02
7.473382000000003411e-02
6.363637000000001154e-02
9.600318000000002128e-02
2.085449999999997375e-02
9.665790000000001880e-02
5.609941000000001621e-02
4.044479000000000130e-02
5.267029300000001385e-02
4.993715700000000285e-02
8.786249999999998228e-02
4.376026000000000221e-02
5.084334999999998855e-02
8.214980999999998978e-02
9.052515999999997953e-02
8.977739000000001246e-02
3.166890000000001371e-02
2.515737780000000257e-01
2.364723780000000108e-01
1.496349049999999847e-01
1.259904649999999959e-01
6.409580500000000569e-02
1.051959789999999950e-01
2.862181599999999437e-02
5.763555000000000067e-02
7.409767999999999910e-02
6.800326999999999067e-02
5.661424999999997709e-02
3.500366000000001976e-02
6.802309000000000827e-02
5.244832450000000423e-02
2.333338449999999495e-02
6.434407100000000268e-02
5.393214000000000341e-02
5.646617000000002384e-02
1.029262000000000093e-01
4.897310000000000552e-02
5.132487999999998940e-02
8.035327000000001829e-02
5.087525000000002462e-02
1.094175500000000162e-01
2.030154999999999876e-01
6.063349999999999296e-02
2.122712499999999669e-01
3.178888900000000350e-01
1.032127950000000238e-01
1.372015949999999818e-01
1.946562900000000096e-01
1.379224300000000125e-01
2.137580399999999825e-01
2.253474399999999822e-01
1.007895000000000041e-01
9.669315000000000548e-02
3.574590000000000406e-02
5.671925800000000156e-02
5.409305799999999942e-02
7.775308000000000219e-02
1.204656634999999865e-01
7.392373250000000562e-02
1.474773900000000137e-01
1.208416499999999949e-01
4.686562000000000366e-02
8.208824699999998920e-02
1.398952019999999963e-01
9.883236500000000535e-02
3.593757999999999675e-02
8.874983599999999861e-02
9.644463600000000025e-02
7.831098999999998311e-02
9.579357400000000633e-02
9.704214599999999580e-02
6.231969999999999177e-02
8.667877999999999694e-02
1.074509799999999876e-01
1.394026800000000010e-01
1.000256600000000023e-01
4.791117999999999766e-02
1.294830299999999990e-01
1.740246400000000082e-01
8.173113999999999379e-02
1.492168099999999775e-01
3.657440000000001384e-02
1.159156000000000075e-01
2.160651599999999783e-01
8.709425999999999279e-02
7.549944499999999836e-02
3.828139450000001692e-02
6.992995050000000434e-02
7.246120000000000339e-02
8.855350000000002109e-02
2.159738000000000213e-01
2.244872900000000060e-01
5.424162500000000858e-02
6.623570499999999195e-02
5.076504000000000433e-02
5.681527500000000536e-02
5.362548999999999094e-02
4.368751500000001009e-02
5.909977999999996984e-02
8.479930000000000800e-02
7.607200000000001461e-02
8.220701999999999177e-02
9.812202999999999897e-02
4.526142999999999139e-02
6.380607500000001764e-02
3.749022500000000202e-02
1.216952099999999981e-01
8.903677000000001507e-02
7.713380000000001624e-02
7.588589499999999488e-02
1.192180999999999935e-01
1.524636950000000102e-01
1.190632000000000357e-01
2.965898000000000145e-01
1.800903050000000061e-01
3.207559999999998884e-02
6.876600500000001892e-02
7.615237000000002476e-02
1.191806500000000130e-01
1.046782549999999978e-01
6.977395000000002900e-02
6.668209499999999679e-02
2.130384999999999224e-02
7.393755000000003241e-02
5.616070000000000784e-02
4.118135000000004708e-02
5.134330000000000838e-02
5.921444999999997405e-02
4.639350000000003194e-02
2.803719999999997395e-02
6.413579999999996506e-02
5.039330000000002280e-02
2.781384999999999066e-02
5.112455000000002553e-02
2.811764999999998710e-02
8.205235000000005163e-02
4.909439999999998250e-02
9.129070000000001628e-02
9.404709999999998071e-02
8.624559999999999171e-02
1.429242999999999764e-01
1.600873299999999722e-01
1.399520799999999787e-01
8.491844999999999255e-02
8.592305000000001469e-02
4.916321499999999622e-02
6.358086499999998642e-02
1.099106499999999986e-01
1.555966000000000293e-01
8.566879999999998940e-02
1.311080000000000301e-01
5.257884999999998255e-02
5.554899999999999421e-02
7.396084999999998078e-02
3.377179999999996296e-02
1.206910499999999942e-01
1.121125499999999636e-01
1.420537000000000605e-01
9.315965000000005214e-02
1.480887000000000453e-01
7.017810000000007653e-02
1.230379999999999252e-01
8.870069999999995181e-02
1.179316000000000114e-01
6.960684999999999789e-02
4.445464999999997752e-02
1.647586500000000898e-01
1.689006600000000080e-01
8.374821000000001736e-02
1.157979999999999704e-01
1.110301500000000080e-01
5.633750000000006808e-02
9.487719999999999487e-02
1.192841000000000595e-01
7.629584999999999839e-02
1.191369500000000609e-01
1.040939499999999768e-01
1.212746999999999992e-01
1.721203999999999790e-01
1.088625999999999899e-01
1.272757500000000208e-01
1.581605499999998998e-01
8.224479999999992352e-02
8.007624999999998772e-02
1.136894999999999434e-01
1.444162000000000501e-01
1.618671000000000415e-01
