FramewiseDisplacement
3.182129999999998293e-02
1.322924000000000044e-01
1.614082000000000017e-01
9.951609999999996847e-02
6.499740000000003848e-02
8.674750000000003292e-02
1.539779500000000023e-01
1.469589000000000312e-01
1.153593000000000118e-01
7.217364999999997810e-02
9.803050000000003428e-02
9.432654999999999512e-02
3.735569999999997087e-02
1.102266499999999677e-01
1.082609000000000488e-01
8.783255000000002310e-02
1.237600499999999965e-01
7.575914999999996957e-02
4.547224999999997797e-02
1.560610499999999512e-01
1.166746999999999923e-01
3.667450000000004734e-02
1.407254500000000297e-01
1.230634499999999631e-01
3.857870000000004906e-02
1.273480000000000445e-01
1.141055499999999862e-01
6.267929999999995172e-02
5.412390000000001644e-02
7.731154999999997890e-02
4.282189999999999608e-02
1.148369499999999793e-01
1.014958999999999861e-01
6.312530000000000918e-02
1.385560499999999584e-01
9.185049999999995995e-02
2.306799999999997741e-02
4.521660000000000262e-02
6.267719999999998848e-02
3.857654999999999418e-02
1.554762500000000103e-01
1.630945000000000034e-01
7.930989999999997486e-02
6.524380000000000457e-02
1.034678999999999738e-01
6.620854999999999102e-02
7.729859999999999509e-02
1.440628500000000201e-01
7.741395000000002302e-02
5.277389999999998471e-02
9.058639999999998360e-02
1.221851499999999924e-01
1.396819000000000255e-01
1.339453999999999922e-01
7.118669999999997777e-02
1.738169999999999993e-01
1.214680999999999955e-01
7.925119999999999387e-02
9.201510000000000244e-02
1.396550999999999765e-01
8.032104999999994943e-02
3.872310000000000335e-02
1.178520000000000123e-01
1.000282999999999728e-01
4.610050000000000953e-02
9.749190000000003409e-02
7.350735000000002684e-02
1.424858999999999432e-01
1.278189999999999882e-01
7.276820000000003286e-02
1.645455000000000390e-01
1.352975500000000164e-01
4.280134999999998802e-02
1.238928999999999864e-01
6.843230000000001534e-02
5.130039999999996825e-02
1.407192999999999361e-01
5.476079999999999837e-02
5.340429999999999483e-02
1.411386699999999939e-01
1.809597200000000183e-01
7.109020000000000616e-02
1.435235500000000275e-01
1.375216500000000230e-01
8.193399499999999558e-02
1.331339500000000009e-01
1.267349949999999892e-01
8.108079999999999454e-02
1.383353999999999695e-01
1.408231500000000080e-01
4.261099999999999610e-02
1.057583000000000134e-01
1.696711999999999942e-01
1.501091999999999982e-01
6.832300000000002260e-02
1.084347999999999979e-01
1.239867000000000052e-01
1.914824099999999640e-01
1.230403600000000153e-01
7.202994999999999537e-02
8.578489999999999727e-02
1.227816149999999967e-01
1.905637649999999683e-01
2.040349649999999293e-01
7.612462500000000132e-02
1.009616100000000072e-01
1.250054499999999902e-01
1.987039000000000166e-01
2.039894500000000166e-01
1.269616000000000078e-01
8.528995000000003102e-02
9.205336999999999548e-02
1.087425450000000099e-01
1.163148150000000020e-01
1.044710900000000026e-01
9.941857000000002553e-02
3.858695000000000180e-02
1.472764000000000018e-01
9.111894499999999286e-02
1.393880150000000040e-01
5.606229599999999064e-02
1.358008460000000028e-01
1.229188100000000033e-01
8.358999000000000290e-02
1.273108099999999965e-01
1.484493600000000024e-01
5.209089000000000080e-02
5.682796500000000112e-02
6.236740400000000822e-02
8.742014900000000255e-02
8.070154250000000085e-02
7.332517249999999376e-02
9.514082499999998443e-02
1.144699850000000102e-01
5.109342999999999524e-02
5.503527499999999462e-02
7.722121499999999583e-02
1.134529700000000141e-01
1.032033400000000045e-01
9.278722000000001746e-02
9.507234999999998604e-02
1.297383500000000023e-01
9.796006999999999632e-02
1.222808350000000044e-01
1.313215050000000050e-01
8.220698500000001019e-02
1.254752590000000056e-01
1.506625710000000229e-01
8.211169999999998192e-02
1.110018749999999998e-01
5.552879499999999191e-02
1.569472749999999972e-01
1.089666150000000028e-01
5.575312000000001017e-02
8.973897499999999861e-02
6.790586999999999318e-02
7.351822999999998998e-02
1.534785999999999928e-01
2.225705700000000231e-01
2.004042699999999955e-01
2.258465999999999807e-01
1.282234449999999915e-01
5.440253499999999492e-02
1.293420399999999915e-01
1.455633500000000080e-01
1.289579499999999879e-01
7.617570999999999370e-02
6.940994500000000067e-02
9.686686499999999644e-02
9.372458999999999651e-02
1.030810900000000141e-01
9.415133999999998615e-02
6.848218000000000361e-02
7.640918000000000709e-02
1.044459400000000010e-01
1.118561700000000186e-01
8.792577999999999505e-02
6.241516499999999468e-02
9.906074500000000560e-02
1.130938100000000029e-01
8.451635000000001785e-02
1.369463499999999945e-01
1.756921999999999651e-01
1.234170699999999898e-01
7.671975000000000322e-02
1.539760399999999807e-01
1.772403399999999962e-01
2.459114300000000142e-01
2.141836900000000099e-01
8.101171000000000066e-02
6.526742999999998740e-02
1.120175699999999969e-01
1.079537700000000044e-01
5.740240000000000620e-02
1.241707199999999983e-01
2.347324199999999972e-01
1.596683999999999881e-01
5.053740000000000315e-02
1.097775899999999943e-01
6.819325000000001080e-02
1.090464750000000177e-01
8.401377499999999887e-02
6.751273000000000690e-02
1.565979899999999925e-01
2.354910299999999901e-01
2.203671490000000122e-01
3.734497610000000467e-01
9.128510400000000580e-01
6.665932500000000260e-01
9.977047499999998348e-02
1.410293800000000375e-01
1.076435949999999947e-01
1.652190999999999799e-01
2.114365999999999746e-01
5.753594999999996074e-02
1.801189499999999721e-01
1.559625999999999513e-01
1.350164499999999823e-01
1.229378499999999874e-01
6.469579999999997000e-02
1.380821000000000132e-01
9.979430000000005796e-02
6.131259999999998100e-02
1.087812500000000238e-01
1.184724500000000208e-01
1.007143999999999956e-01
4.659784999999996846e-02
1.189070500000000141e-01
9.838109999999999911e-02
1.127017399999999947e-01
7.589335000000002607e-02
9.023528769999998589e-02
1.338171123000000129e-01
1.258152080000000117e-01
7.986596200000002643e-02
1.329208999999999807e-01
1.731542399999999871e-01
1.679355100000000101e-01
1.441783200000000265e-01
3.946342599999999590e-01
1.094488999999999879e-01
2.752299649999999653e-01
1.245658384999999979e-01
1.211669764999999954e-01
1.007737099999999886e-01
1.910703599999999669e-01
1.744327000000000238e-01
1.594140000000000001e-01
1.337787799999999860e-01
1.096725199999999956e-01
5.860859000000000207e-02
6.767390999999998991e-02
6.817781999999998621e-02
1.032167699999999716e-01
1.076807199999999798e-01
2.354106599999999938e-01
1.697010000000000185e-01
1.044461799999999996e-01
7.990194999999998549e-02
