FramewiseDisplacement
1.389196000000000042e-01
2.280342500000000217e-01
1.909802499999999903e-01
8.749184999999998213e-02
2.526781499999999903e-01
2.420808500000000141e-01
5.241210000000001701e-02
1.679479999999999584e-01
2.596350000000000047e-01
1.964849999999999930e-01
1.035514000000000157e-01
1.637212999999999863e-01
2.705439000000000038e-01
2.141159000000000256e-01
1.386259999999999992e-01
4.571170000000002176e-02
7.852470000000000283e-02
1.036647999999999736e-01
7.370240000000001512e-02
6.858170000000002320e-02
6.590080000000000937e-02
5.359849999999998643e-02
1.009004000000000290e-01
5.717800000000002048e-02
1.298245999999999845e-01
1.503481999999999874e-01
8.751860000000001583e-02
7.152640000000001774e-02
4.433799999999999547e-02
1.365060000000000162e-01
1.016587000000000324e-01
9.152540000000002063e-02
6.291120000000001433e-02
6.731950000000001821e-02
1.235768500000000020e-01
1.565779499999999935e-01
1.509942999999999980e-01
1.150228000000000084e-01
6.554479999999998641e-02
1.589035499999999768e-01
1.381064499999999917e-01
1.588662999999999881e-01
1.447602999999999807e-01
1.752076000000000189e-01
1.552404000000000006e-01
1.717432000000000403e-01
1.549535499999999955e-01
1.269408000000000203e-01
1.013307000000000097e-01
1.345786999999999956e-01
1.359390500000000057e-01
7.675484999999998559e-02
1.194387500000000102e-01
2.448697500000000249e-01
1.187428000000000095e-01
1.506909499999999902e-01
1.665115000000000067e-01
4.622855000000000714e-02
1.012214500000000045e-01
1.622346500000000080e-01
2.173749349999999914e-01
1.906814850000000394e-01
1.308964000000000238e-01
1.162803500000000045e-01
2.813010000000000510e-02
1.103174700000000008e-01
1.457153700000000107e-01
1.342551500000000175e-01
1.427364999999999884e-01
1.500834176999999992e-01
2.094527677000000143e-01
2.222730399999999773e-01
1.894250900000000182e-01
9.319228000000001622e-02
9.708447999999998690e-02
1.294553499999999968e-01
1.460421400000000147e-01
6.729832499999999218e-02
7.724713499999998068e-02
1.102154499999999926e-01
1.408115949999999839e-01
6.790769500000000403e-02
7.330249999999999266e-02
2.012295199999999951e-01
1.917244850000000278e-01
1.389641100000000018e-01
3.819476150000000042e-02
6.007989849999999937e-02
6.949630000000001084e-02
4.612375000000000502e-02
1.146143000000000023e-01
1.372803505000000091e-01
1.304485005000000086e-01
1.258551499999999990e-01
5.737793500000000491e-02
4.683756999999999504e-02
9.674399999999999666e-02
8.260196499999999942e-02
5.795820999999998918e-02
5.833722500000000644e-02
8.857645000000000102e-02
7.521803000000000516e-02
1.744548499999999946e-01
1.192002109999999865e-01
1.629550190000000065e-01
2.075169500000000056e-01
1.875472499999999987e-01
1.364163999999999932e-01
6.498046999999999851e-02
7.077030500000000557e-02
1.087938450000000001e-01
1.076916799999999980e-01
1.227234549999999952e-01
1.354814250000000164e-01
1.177833650000000010e-01
6.124468500000000704e-02
1.659009000000000178e-02
5.703147899999999604e-02
9.614734400000000958e-02
1.301027749999999761e-01
8.756121999999999517e-02
8.365007999999998778e-02
8.026076499999998393e-02
1.396017000000000091e-02
8.978781999999999042e-02
1.250956649999999948e-01
1.283867200000000097e-01
1.461565971000000075e-01
1.883844470999999909e-01
1.649502429999999686e-01
2.263161130000000132e-01
1.975534300000000298e-01
1.873974300000000315e-01
1.928043200000000013e-01
1.121043499999999915e-01
1.166948000000000013e-01
1.797694200000000131e-01
1.662461299999999920e-01
7.856831999999999705e-02
5.960296000000000344e-02
7.719051999999999858e-02
1.146416499999999977e-01
6.200842000000000159e-02
5.811465000000000380e-02
4.488154999999998535e-02
8.983794999999998587e-02
4.941814999999999403e-02
7.285300000000000109e-02
9.580933000000001198e-02
1.116226800000000019e-01
1.024732000000000143e-01
3.209179999999999672e-02
3.744389999999998830e-02
7.786076999999999582e-02
1.061711199999999938e-01
1.074854000000000087e-01
5.650294999999998929e-02
5.819710000000001549e-02
5.965586000000001193e-02
9.774231000000001279e-02
5.346056000000000419e-02
6.053158999999999623e-02
7.760709999999999831e-02
5.198361300000000490e-02
8.701063700000000178e-02
8.540679999999999106e-02
4.476998999999999562e-02
8.701423999999997883e-02
9.086346000000000700e-02
9.904945000000001110e-02
4.080928999999999807e-02
3.678733000000000003e-02
6.645741000000000842e-02
1.000238400000000027e-01
1.644098049999999922e-01
1.481080649999999832e-01
1.113676999999999861e-01
9.524665000000000215e-02
7.881690999999999003e-02
9.243078999999999879e-02
1.053568600000000244e-01
5.400939700000000759e-02
4.535481300000000077e-02
7.661608600000001379e-02
9.920322400000000651e-02
9.351784400000000275e-02
1.353402540000000209e-01
9.671967000000002146e-02
5.714959299999999853e-02
1.785039099999999671e-02
6.362723800000001650e-02
1.254186899999999993e-01
1.237462509999999877e-01
8.655210099999999240e-02
1.049153700000000078e-01
1.413019000000000081e-01
8.760236999999999885e-02
1.002657500000000146e-01
8.504575000000000329e-02
3.795645999999999742e-02
4.888721000000000039e-02
4.026627999999999458e-02
1.305769199999999852e-01
1.143685500000000133e-01
1.829268499999999742e-01
1.221659499999999954e-01
1.337010000000000143e-01
8.026265000000000482e-02
9.314739999999997744e-02
9.578809999999998714e-02
8.382355000000001055e-02
1.099667499999999881e-01
1.261995999999999951e-01
9.610144999999999105e-02
1.445376999999999912e-01
1.519598499999999797e-01
1.205257500000000148e-01
4.997905000000001097e-02
6.636265000000000913e-02
1.718522999999999856e-01
1.636720000000000119e-01
1.751315499999999969e-01
1.170408999999999755e-01
1.240969999999999712e-01
1.327639999999999654e-01
6.884694999999999010e-02
4.333480000000000665e-02
4.734120000000000689e-02
4.459999999999999382e-02
8.337160000000000404e-02
1.247170499999999960e-01
7.067100000000001159e-02
5.184795000000001763e-02
8.781705000000000760e-02
5.638239999999999919e-02
8.838239999999998597e-02
1.000835999999999809e-01
1.327981000000000023e-01
1.608731999999999940e-01
1.887746000000000146e-01
2.023262499999999853e-01
9.098684999999998024e-02
5.057439999999999158e-02
7.257520000000002025e-02
1.001150000000000095e-01
1.882974499999999773e-01
1.719157000000000046e-01
1.100119999999999848e-01
6.587360000000000437e-02
6.906514999999999183e-02
5.498444999999999028e-02
2.656045000000002362e-02
5.479274999999998730e-02
7.220219999999999416e-02
1.028997999999999996e-01
1.577525500000000191e-01
1.080021999999999927e-01
4.263524999999997178e-02
7.732070000000001997e-02
