FramewiseDisplacement
3.487115000000001741e-02
3.986640000000000322e-02
7.388295000000000279e-02
7.321008500000000807e-02
5.297586499999999005e-02
4.262725000000000541e-02
3.760290000000003630e-02
5.556199999999999334e-02
5.386414999999999953e-02
3.949386949999999369e-02
5.292983050000003853e-02
4.428159999999999735e-02
4.166040000000001409e-02
3.378054999999998559e-02
3.147093499999999849e-02
2.414738499999999691e-02
4.018530000000001406e-02
2.864994999999997960e-02
2.682325000000000334e-02
5.995894999999999697e-02
3.364759999999999279e-02
2.952010000000000745e-02
3.986794999999998534e-02
3.768449999999981363e-03
4.020089999999998387e-02
2.775170000000001108e-02
4.509840000000001764e-02
2.195525000000000254e-02
2.627740000000000631e-02
1.025490000000000256e-02
4.140805000000001568e-02
7.931709999999997374e-02
6.328630499999994552e-02
5.446446975000000107e-02
4.690201475000004006e-02
5.294470000000001814e-02
5.420364999999999212e-02
3.602709999999999246e-02
8.202774999999999650e-02
6.770169999999997579e-02
3.264954999999999247e-02
4.987865000000000354e-02
5.468179999999999569e-02
6.120860000000001577e-02
6.198769999999999281e-02
6.110540000000001110e-02
2.316565000000002719e-02
4.047909999999999703e-02
4.024529999999999080e-02
4.094124999999999848e-02
4.678950000000001164e-02
6.014370000000000827e-02
3.552119999999999583e-02
3.472789999999999211e-02
4.731080000000000702e-02
3.553820000000000590e-02
3.292014999999999525e-02
2.853865000000000568e-02
3.497214999999999352e-02
1.649135000000001225e-02
3.587904999999998873e-02
2.801930000000001086e-02
9.953399999999999748e-02
7.615009999999997059e-02
4.048459999999999559e-02
5.484500000000000486e-02
3.189974999999998367e-02
7.212989999999998292e-02
4.946234999999998827e-02
4.719368499999999911e-02
8.882068500000001032e-02
3.844140000000000751e-02
3.411145000000000843e-02
3.644547000000000064e-02
1.970658000000000132e-02
2.119995000000000906e-02
2.348535000000000900e-02
3.147429999999999672e-02
3.857635000000000230e-02
5.708615000000001605e-02
3.935276000000000746e-02
2.525644000000000500e-02
3.553034999999998833e-02
4.709050000000000041e-02
1.283629500000000104e-02
2.558379000000000209e-02
3.552263500000000379e-02
1.022375000000000020e-02
3.490621000000000002e-02
5.627255999999999925e-02
5.171740000000000365e-02
2.133869250000000259e-02
4.782179250000000159e-02
4.615690000000000071e-02
7.037861399999999212e-02
2.615786399999999595e-02
3.126761000000000124e-02
4.387460999999999445e-02
5.267954999999999166e-02
6.939304999999999779e-02
6.591305000000000081e-02
4.473544999999999605e-02
3.208704999999999891e-02
3.495556499999998706e-02
6.788601499999999400e-02
5.446048000000000555e-02
4.739277499999999810e-02
3.719933999999999741e-02
2.939389500000000321e-02
1.930253999999999998e-02
4.724248999999999810e-02
6.274847000000000063e-02
4.683913199999999860e-02
6.898291199999999346e-02
6.435910000000000242e-02
5.740731000000000306e-02
2.101199999999999943e-02
2.548101000000000185e-02
5.668601999999999669e-02
3.479194999999999510e-02
2.665610499999999591e-02
2.744924500000000059e-02
4.723464000000000135e-02
3.876280600000000381e-02
2.382641400000000062e-02
3.048399000000000594e-02
3.255433239999999673e-02
3.849062740000000482e-02
1.743989899999999829e-02
1.910844600000000115e-02
7.180359999999999347e-03
3.135728000000000126e-02
1.880671999999999899e-02
2.569948000000000024e-02
2.696662999999999838e-02
5.473445500000000130e-02
4.809626000000000179e-02
3.372929999999999678e-02
2.976109000000000740e-02
2.436612499999999543e-02
5.481848500000000013e-02
4.332945500000000283e-02
7.187493999999999827e-02
7.196402999999999828e-02
4.343640499999999738e-02
4.942286499999999638e-02
3.892310000000000908e-02
3.384055700000000028e-02
4.602533300000000160e-02
3.724041399999999946e-02
3.196112599999999249e-02
1.647294999999999662e-02
2.228254999999999819e-02
3.258618499999999668e-02
3.535665500000000072e-02
5.712723999999998886e-02
3.082280000000000089e-02
4.066514999999999019e-02
2.768036000000000801e-02
1.068975000000000480e-02
2.350223000000000589e-02
3.509396000000000737e-02
9.971219999999999389e-03
1.423011000000000068e-02
3.563716499999998455e-02
2.675039000000000236e-02
3.833313500000000429e-02
5.690485000000002069e-02
2.091154999999998709e-02
6.547725000000000073e-02
2.327440000000000064e-02
1.155269999999998694e-02
1.818990000000000884e-02
3.078840000000000049e-02
9.197045000000002302e-02
3.890240000000000364e-02
3.584164999999999573e-02
9.521649999999992620e-03
3.299515000000000781e-02
5.899610000000000964e-02
3.806409999999998267e-02
1.952574999999999450e-02
4.133244999999998587e-02
3.205779999999999741e-02
2.957705000000001097e-02
4.861600000000000643e-02
2.128880000000000008e-02
5.501339999999999009e-02
4.608894999999998965e-02
1.845185000000000922e-02
2.919139999999999929e-02
1.953150000000000025e-02
2.783810000000000798e-02
3.741850000000002813e-02
5.062085000000000196e-02
3.848844999999999350e-02
6.781209999999998628e-02
3.863669999999999605e-02
3.494989999999999902e-02
3.510850000000000776e-02
5.351345000000000407e-02
4.996210000000000234e-02
4.952605000000001589e-02
4.086315000000001474e-02
6.051954999999998447e-02
5.398105000000001652e-02
3.238825000000002119e-02
5.753695000000002419e-02
6.825435000000003305e-02
3.641805000000000042e-02
3.431224999999999553e-02
3.427846499999998714e-02
5.070668500000001522e-02
5.079286449999997205e-02
2.150859050000001813e-02
5.344959499999998864e-02
5.501730000000001203e-02
2.626649999999999471e-02
4.066314999999998819e-02
4.947734999999998939e-02
2.226535000000000319e-02
4.320675000000000210e-02
5.878735000000001598e-02
2.004040000000003457e-02
4.965560000000002194e-02
1.929370000000001084e-02
5.250020000000000381e-02
3.241456500000000629e-02
1.683730000000000990e-02
3.628515000000000212e-02
1.079878350000000320e-01
4.589124999999999455e-02
6.900949999999997364e-02
5.873320000000000624e-02
6.578710000000000113e-02
7.845659999999998746e-02
8.411165000000001002e-02
1.029604999999999826e-01
6.134674999999996381e-02
4.012065000000000076e-02
3.877970000000000722e-02
4.528279999999997030e-02
3.455790000000000251e-02
5.370160000000002293e-02
4.177509999999999557e-02
3.092284999999998091e-02
5.294615000000001126e-02
5.775935000000000791e-02
2.553205000000002486e-02
5.696059999999998624e-02
4.132549999999997337e-02
6.091079999999996636e-02
6.832545000000000979e-02
7.481273499999996357e-02
1.182565000000003128e-02
3.850585499999999162e-02
4.155061499999999214e-02
7.876630500000000867e-02
6.267889999999998185e-02
