FramewiseDisplacement
2.228169500000000691e-01
1.139560000000000017e-01
7.323849999999990090e-02
2.412824999999999831e-01
3.641949999999998799e-01
3.417324999999998836e-01
2.554290000000000171e-01
1.717424000000000450e-01
1.034538999999999043e-01
1.286954999999999072e-01
2.003540000000000043e-01
5.340799999999991388e-02
2.528817000000000981e-01
1.204366999999999521e-01
1.458244999999998570e-01
2.245459500000000497e-01
9.540204999999986335e-02
8.643104999999996763e-02
1.220040499999999473e-01
9.067515999999985199e-02
4.468553999999994031e-02
6.556218500000006444e-02
2.250703849999998729e-01
2.154902499999998833e-01
1.618409999999999294e-01
3.587922049999998919e-02
9.048572049999983880e-02
3.377081999999984735e-02
6.413073000000008017e-02
1.057744999999999241e-01
1.230824999999999697e-01
9.047593649999988163e-02
7.091136349999997701e-02
3.436418000000001083e-01
2.093829999999999858e-01
2.808199999999999585e-01
1.092842500000000411e-01
2.216099499999999445e-01
1.821460499999998928e-01
1.360776000000000485e-01
1.187337999999999311e-01
1.478259149999999189e-01
4.801343000000005135e-02
3.933309999999998197e-02
8.485538000000006353e-02
8.762661999999997453e-02
5.763964500000005181e-02
3.157514999999989913e-02
7.516974999999995188e-02
6.026920000000001582e-02
6.961450000000009297e-02
8.871060000000002832e-02
2.004140000000002864e-02
3.831374999999995201e-02
4.749170000000003250e-02
8.027044999999997932e-02
5.423124999999997392e-02
7.967754999999988874e-02
5.784210000000011148e-02
2.450557000000000984e-01
1.312152200000000490e-01
1.704029450000000001e-01
8.151834499999995043e-02
2.475247199999999759e-01
1.390681000000000278e-01
8.735550000000000259e-02
1.240041400000000404e-01
8.481188999999993150e-02
1.265632100000000371e-01
6.855879000000000834e-02
1.098938800000000271e-01
4.933798550000002836e-02
2.413310449999994667e-02
2.763006999999997881e-02
6.972314999999996987e-02
6.904742999999996522e-02
6.204096999999997308e-02
2.127386000000000554e-02
6.279466000000002990e-02
6.064458499999994534e-02
6.059923500000000823e-02
4.967060000000000919e-02
5.829920000000000241e-02
6.624724999999997976e-02
4.362854999999998123e-02
5.623049999999999576e-02
4.634995000000000781e-02
7.778290000000000204e-02
3.579195000000002375e-02
7.848200000000002396e-02
1.043926000000000437e-01
8.959634999999999128e-02
2.011091999999999880e-01
1.196548900000000137e-01
7.348991000000001939e-02
5.517816999999999861e-02
6.075255000000000238e-02
7.032969999999999500e-02
5.132334000000000895e-02
8.794601000000000501e-02
7.505561999999998957e-02
1.394148849999999884e-01
2.106076450000000100e-01
1.022169650000000068e-01
4.826607999999999593e-02
4.640292499999999071e-02
3.286965000000000026e-02
5.029495000000000493e-02
3.416413999999999562e-02
3.571306999999999260e-02
4.814812000000000952e-02
2.917443000000000466e-02
5.923740000000000949e-02
5.936320000000000485e-02
4.372159999999999935e-02
8.972733500000000528e-02
4.221181499999999281e-02
9.387586800000000120e-02
3.911365700000000306e-02
2.569996699999999717e-02
3.911973500000000270e-02
3.758577500000000182e-02
5.722160999999999914e-02
3.403508000000000228e-02
6.680372999999999173e-02
8.528557000000000499e-02
2.386856000000000047e-02
5.045609500000000636e-02
3.340488900000000011e-02
4.309607399999999811e-02
6.928226499999999566e-02
3.491775999999999908e-02
6.916691500000000936e-02
4.953491999999999618e-02
1.168915000000000405e-02
3.132838999999999763e-02
5.277774999999999134e-02
6.852069000000000909e-02
4.296842999999999496e-02
2.589300999999999409e-02
6.597019500000000924e-02
5.151233500000001325e-02
3.467919450000000320e-02
4.752305950000001306e-02
5.568731999999999849e-02
4.601753499999998442e-02
7.111036499999998095e-02
7.737465500000000052e-02
2.734025000000000344e-02
6.103538999999998799e-02
4.351649999999999269e-02
3.112820000000000170e-02
3.371920000000000472e-02
2.478209999999999441e-02
4.515369999999999107e-02
2.982414999999999719e-02
2.499595000000000983e-02
3.914560000000001649e-02
5.769225000000000048e-02
7.724774999999999003e-02
5.984160000000000174e-02
3.340394999999999476e-02
3.796674999999998662e-02
3.596814999999998347e-02
6.666880000000001416e-02
4.550785000000000247e-02
6.420399999999999718e-02
4.494259999999999228e-02
3.996240000000002290e-02
5.817435000000002049e-02
6.694840000000000513e-02
2.776189999999999908e-02
4.955935000000000201e-02
5.169134999999997621e-02
4.977350000000001912e-02
6.987210000000002030e-02
7.266109500000000887e-02
1.292569499999999226e-02
4.877496000000000609e-02
6.559175500000000159e-02
4.422800450000000799e-02
5.204986950000002610e-02
4.721555000000003666e-02
5.580330000000000706e-02
5.623129999999999101e-02
3.846165000000000000e-02
3.976094999999997548e-02
7.227875000000000272e-02
7.039539999999998299e-02
4.994020000000002485e-02
6.715850000000003761e-02
1.375188000000000521e-01
1.161535500000000082e-01
1.056640600000000041e-01
1.786318999999999546e-01
5.332417000000001794e-02
4.279223999999999528e-02
9.782206999999998320e-02
7.873610999999997029e-02
5.840909999999996383e-02
4.668970000000001452e-02
3.595834999999995840e-02
2.806871999999997411e-02
4.879657000000001826e-02
3.159105000000000246e-02
1.969595000000003843e-02
5.213685000000003317e-02
6.718155000000002042e-02
6.602579999999999560e-02
2.698880000000000723e-02
4.338440000000004515e-02
6.731287000000003851e-02
5.036110999999996590e-02
4.512809999999999044e-02
4.221594999999997433e-02
3.022687000000001678e-02
3.676082000000000655e-02
4.465569000000001176e-02
3.817648000000003344e-02
1.975696200000000291e-01
1.407725000000000226e-01
1.250879749999999901e-01
4.239172500000001204e-02
3.404891000000000167e-02
2.009216000000001515e-02
3.024969999999998355e-02
5.988210000000000754e-02
2.828139999999998780e-02
4.138374999999997611e-02
2.948830000000001589e-02
4.375514999999999266e-02
3.687355000000001881e-02
2.753464999999997651e-02
4.308334999999996473e-02
3.173449999999997800e-02
3.504060000000002589e-02
2.960789999999997868e-02
2.119379999999995712e-02
2.098140000000001115e-02
4.033490999999998772e-02
7.156920999999999422e-02
1.942987999999996537e-02
5.088277999999997470e-02
3.920669999999994854e-02
3.231980000000007208e-02
2.527960000000009644e-02
1.323874999999994501e-02
3.174730500000003119e-02
6.330475499999999034e-02
2.681730000000003694e-02
5.716823000000003513e-02
4.419272999999995788e-02
3.489835000000005016e-02
4.514895000000002795e-02
4.201659999999996647e-02
3.320255000000010143e-02
1.820245000000005747e-02
4.506575000000005021e-02
2.991532500000004813e-02
