FramewiseDisplacement
9.575804999999999734e-02
2.812034999999995372e-02
4.587835000000003299e-02
6.755414999999999337e-02
6.634425000000002126e-02
4.278810000000003028e-02
4.733325000000004196e-02
5.179700000000001664e-02
4.080925000000003300e-02
3.664804999999998064e-02
2.863825000000003868e-02
4.531175000000002562e-02
3.836800000000001321e-02
3.575270000000000531e-02
4.720520000000000965e-02
4.806640000000002994e-02
4.156734999999996127e-02
2.465975000000001499e-02
7.112194999999998934e-02
3.254420000000002311e-02
3.358955000000003743e-02
2.275330000000000755e-02
1.092090000000000005e-01
1.735958000000000223e-01
8.591820000000000013e-02
6.094700000000000811e-02
3.063770000000002117e-02
5.211479999999999585e-02
8.774794999999996348e-02
3.947505000000001846e-02
4.082899999999999724e-02
9.785029999999997341e-02
4.256029999999999536e-02
7.841379999999997796e-02
7.708229999999999249e-02
4.743889999999999219e-02
3.516735000000000000e-02
5.292579999999998119e-02
5.751164999999999750e-02
2.363349999999998785e-02
3.823700000000003485e-02
3.451024999999999926e-02
6.122755000000000558e-02
4.954039999999998445e-02
6.486355000000000592e-02
4.465639999999999193e-02
3.902987499999997778e-02
3.883110000000001422e-02
2.204859999999997378e-02
6.562688499999999592e-02
4.077888999999997044e-02
5.683828000000002573e-02
7.676927999999998142e-02
3.204290499999998959e-02
3.050727500000002465e-02
2.571147999999999489e-02
5.711000000000000104e-02
4.384910000000000890e-02
1.791569999999999274e-02
2.950338999999997658e-02
1.600571499999999675e-02
3.041490500000002331e-02
3.405130000000002738e-02
2.911662999999999751e-02
1.102762999999998619e-02
2.700100000000000069e-02
3.507089999999997432e-02
8.221080000000001442e-02
6.281100000000001959e-02
5.848134999999999445e-02
1.129244000000000081e-01
3.835349999999998483e-02
4.109625000000000083e-02
5.608360000000000428e-02
2.907799999999999621e-02
4.914934999999997361e-02
7.075964999999999339e-02
2.404919999999999974e-02
5.178224999999998801e-02
3.173004999999998188e-02
3.339160000000000045e-02
4.996339999999999809e-02
8.269224999999999492e-02
2.888000000000001330e-02
2.744809999999999264e-02
2.830777999999999420e-02
1.499527999999999972e-02
3.858020000000001587e-02
2.929249999999999909e-02
2.450299999999999007e-02
5.524938000000000765e-02
6.034187999999999358e-02
6.647704999999999587e-02
8.880977999999999095e-02
2.783577000000000273e-02
5.876444999999999586e-02
3.939677999999999236e-02
3.065449999999999425e-02
3.456623499999999377e-02
5.172867499999999480e-02
2.905561849999999807e-02
2.551333850000000320e-02
6.284226799999999280e-02
3.299670300000000223e-02
3.416412499999999658e-02
3.549071000000000170e-02
3.757331999999999339e-02
5.373848999999999987e-02
4.372713999999999768e-02
5.254856999999999584e-02
2.974194200000000038e-02
3.971106800000000214e-02
4.596586999999999895e-02
3.685362500000000097e-02
5.183275500000000813e-02
5.469291500000000167e-02
7.795975500000000558e-02
4.011467999999999978e-02
4.088260500000000242e-02
5.405433499999999503e-02
4.053119949999999666e-02
4.036131450000000204e-02
4.519114500000000201e-02
2.035629000000000258e-02
5.113128499999999854e-02
9.641533499999999091e-02
1.228080899999999948e-01
2.621950999999999449e-02
4.174278499999999753e-02
2.572078099999999812e-02
2.659348199999999468e-02
1.598231999999999778e-02
4.146747499999999670e-02
1.544707000000000024e-02
2.162048999999999915e-02
1.976058999999999455e-02
7.884899500000000505e-02
2.169313500000000228e-02
1.772229999999999986e-02
2.959322499999999731e-02
2.740891999999999981e-02
6.728090000000000459e-02
4.305650500000000186e-02
2.532592499999999566e-02
2.345380999999999855e-02
4.995942999999999912e-02
1.970323999999999687e-02
1.485484999999999930e-02
5.380706200000000966e-02
2.793271799999999874e-02
3.430901000000000090e-02
2.600590099999999794e-02
4.942037299999999661e-02
5.583534199999999614e-02
4.756371000000000210e-02
2.138812000000000352e-02
4.646839999999999304e-02
5.586053000000000546e-02
2.829493700000000611e-02
2.894210700000000511e-02
2.825738999999999682e-02
3.173803000000000041e-02
2.689443999999999863e-02
3.532696300000001677e-02
1.917024699999999790e-02
3.131285000000000318e-02
2.659893000000000673e-02
3.180196999999999885e-02
4.622245000000001908e-02
2.914739999999999692e-02
5.079715000000000619e-02
3.230355000000000032e-02
4.891770000000000840e-02
3.308130000000000098e-02
6.181130000000001345e-02
4.149732000000001114e-02
3.233902000000001692e-02
3.828990999999998951e-02
3.418959999999998667e-02
6.756342999999999377e-02
5.443254999999999622e-02
4.465658000000000127e-02
1.783578999999998332e-02
3.557542999999997735e-02
4.389285999999999882e-02
5.004629000000001410e-02
3.735232000000000135e-02
1.314564200000000460e-01
5.051969999999998684e-02
4.842489999999997907e-02
6.370729999999999449e-02
6.684230000000002114e-02
5.080230000000000162e-02
5.626490000000000657e-02
9.304240000000001121e-02
2.789400000000000213e-02
7.023650000000000726e-02
2.906650000000001247e-02
1.454010000000001065e-02
4.579509999999999831e-02
7.337929999999999453e-02
2.653150000000000647e-02
4.995429999999999315e-02
2.854179999999999218e-02
4.921739999999998061e-02
6.114500000000001184e-02
5.981820000000001580e-02
4.518120000000003245e-02
5.447020000000000334e-02
3.472350000000000436e-02
2.605730000000001587e-02
3.046359999999999693e-02
1.311160000000000624e-02
3.104029999999998596e-02
3.032589999999997510e-02
4.709059999999997553e-02
3.711059999999999359e-02
2.885389999999997401e-02
2.009049999999996255e-02
4.684019999999995687e-02
6.440569999999995465e-02
9.034820000000000351e-02
5.371769999999999323e-02
1.779759999999998982e-02
4.169809999999996020e-02
4.206299999999999623e-02
5.920759999999998524e-02
6.414789999999997994e-02
5.301100000000000950e-02
4.114180000000001308e-02
3.997720000000000440e-02
5.204520000000004143e-02
4.882280000000001341e-02
3.680999999999999550e-02
5.636450000000001875e-02
2.612549999999997513e-02
2.606800000000004600e-02
4.636950000000002875e-02
9.830769999999998399e-02
1.542623000000000189e-01
5.432669999999999860e-02
6.787279999999998314e-02
8.974119999999999320e-02
3.234200000000004432e-02
4.307480000000002418e-02
3.152139999999999803e-02
5.500999999999998946e-02
3.097780000000002754e-02
5.295430000000000970e-02
4.932349999999999235e-02
2.928620000000000875e-02
1.956989999999997690e-02
1.491670999999999969e-01
3.129992500000000066e-01
8.442854999999999110e-02
8.369905000000002482e-02
5.045519999999996397e-02
3.932494999999996965e-02
3.440499999999999114e-02
