FramewiseDisplacement
8.895320000000002392e-02
5.100070000000001685e-02
5.631560000000000732e-02
5.629759999999997544e-02
6.960455000000000114e-02
5.158749999999999447e-02
8.160629999999999273e-02
1.198045000000000360e-02
6.411424999999998375e-02
9.090025000000000188e-02
3.685784999999999062e-02
9.342064999999999397e-02
1.347576999999999803e-01
7.420699999999998131e-02
8.009404999999999997e-02
6.971600000000000019e-02
8.252500000000001501e-02
1.288093499999999891e-01
8.660205000000001374e-02
6.586205000000000531e-02
6.082759999999999556e-02
1.189744999999999692e-01
1.454618499999999759e-01
8.890689999999999704e-02
5.906814999999999288e-02
6.276889999999998859e-02
9.167644999999999267e-02
7.434865000000000224e-02
9.267999999999994992e-03
7.640300499999999606e-02
8.705840499999999149e-02
6.594524999999998305e-02
6.699549999999998562e-02
5.478990000000000249e-02
6.155775000000000829e-02
6.053280999999999246e-02
5.678553999999999546e-02
3.940695999999999782e-02
6.048739999999999672e-02
2.416617999999999891e-02
4.483524300000000379e-02
6.472934300000000862e-02
9.147356000000000931e-02
1.045365899999999848e-01
9.108589019999999148e-02
5.777619480000000668e-02
2.270576500000000622e-02
5.496301999999999438e-02
3.196514499999999342e-02
4.326064500000000035e-02
6.359434999999998006e-02
6.706282999999998995e-02
5.981544000000000444e-02
4.358787999999999552e-02
7.476081999999999173e-02
4.526464999999999655e-02
9.885156999999999972e-02
1.043335400000000024e-01
8.068127000000001325e-02
9.472875000000000045e-02
6.641142999999999352e-02
3.440221000000000251e-02
6.065338000000000673e-02
4.876086999999999783e-02
3.149824999999999153e-02
3.912047999999999914e-02
4.701313000000000020e-02
5.651478499999999794e-02
5.201784500000000006e-02
3.368820000000000148e-02
1.379539800000000038e-01
1.500977049999999702e-01
9.492285500000000042e-02
5.659589999999999760e-02
3.449399999999999689e-02
6.053750000000000797e-02
4.639075000000000837e-02
6.677915000000000934e-02
7.222125000000000072e-02
2.188681999999999434e-02
6.698740000000000250e-02
3.450189999999999507e-02
4.495839999999999559e-02
6.726340000000000097e-02
5.573779000000000233e-02
6.908379000000001990e-02
6.995144999999999835e-02
9.350401999999999325e-02
4.597812000000000426e-02
3.423245000000000454e-02
2.763654999999999931e-02
2.528495000000000742e-02
2.466928000000000176e-02
7.117008999999999141e-02
8.612337999999998550e-02
4.110438000000000286e-02
4.311227000000000115e-02
4.140854000000000062e-02
6.523557000000000661e-02
6.531493500000000452e-02
1.483215499999999618e-02
8.901449999999998253e-03
3.006266000000000146e-02
5.351091000000000181e-02
3.754058000000000395e-02
2.740907000000000066e-02
5.954809999999999964e-02
5.719764799999998983e-02
3.287270200000000364e-02
3.607017000000001250e-02
3.274832499999999480e-02
7.208965499999998860e-02
4.345587000000000061e-02
1.458747000000000515e-02
6.947362999999999456e-02
1.226138499999999965e-01
7.157751999999999171e-02
5.565039499999999834e-02
1.490902299999999694e-02
5.920568200000000947e-02
7.183074000000000403e-02
2.330069499999999974e-02
7.032112499999999822e-02
7.922911500000000273e-02
4.163455499999999671e-02
4.092570000000000235e-02
5.443802000000000363e-02
2.365669999999999579e-02
5.122341999999999868e-02
8.595442999999999834e-02
4.834014000000000366e-02
2.211509310000000020e-02
6.119837689999998998e-02
6.958339499999999234e-02
3.870159000000000099e-02
4.187844499999999331e-02
3.936546999999999963e-02
2.707529499999999922e-02
3.722671450000000770e-02
4.556464050000000321e-02
2.270912999999999751e-02
3.398130000000000595e-02
5.030226200000000036e-02
4.041072200000000308e-02
3.553625000000000533e-02
5.389032200000000439e-02
6.004686199999999252e-02
3.904772999999999578e-02
3.211111999999999300e-02
2.093657000000000157e-02
4.092068900000000314e-02
1.107322400000000130e-02
3.797733300000000201e-02
2.241816999999999421e-02
3.365647000000000083e-02
2.564335499999999962e-02
1.258271999999999950e-03
4.451301699999999500e-02
3.677352999999998484e-02
4.978723000000000176e-02
7.629737999999999798e-02
7.542013999999998275e-02
4.521643000000000884e-02
6.591419000000001138e-02
6.316186000000000023e-02
4.154525300000000421e-02
5.240027700000000205e-02
5.536983999999999656e-02
5.561942999999999748e-02
4.253237999999999464e-02
4.878238000000000019e-02
4.911619999999999875e-02
3.813553000000000082e-02
3.291940000000000144e-02
6.545747999999999844e-02
4.961387000000000436e-02
4.978826170000000273e-02
8.750238169999999260e-02
7.123693000000000386e-02
6.994485999999999759e-02
6.523121999999999254e-02
4.951215000000000477e-02
3.536214999999999498e-02
4.853095999999999799e-02
4.953820999999999919e-02
3.496805000000000052e-02
4.185924000000000589e-02
4.592938999999999355e-02
6.446749999999999703e-02
4.997428999999999066e-02
6.872772499999998952e-02
4.382101000000000052e-02
7.997445500000001373e-02
4.472588999999999732e-02
5.166017999999999305e-02
4.126845999999999293e-02
4.445371999999999518e-02
3.576866999999999547e-02
6.025867999999999503e-02
2.249290000000000317e-02
3.192639999999999367e-02
7.608045299999999234e-02
5.644868700000001127e-02
2.432361999999999719e-02
7.158594999999999542e-02
5.904695000000000082e-02
1.641976999999999673e-02
4.537549999999999223e-02
2.269865999999999551e-02
5.150495000000000767e-02
4.590787000000000340e-02
2.332660999999999762e-02
6.954831000000001595e-02
5.182861000000000412e-02
2.882116000000000192e-02
5.833297999999999955e-02
3.879080000000000722e-02
5.595895000000000730e-02
3.815435000000000354e-02
6.801511300000001592e-02
5.950691300000000156e-02
5.536735000000000267e-02
6.533692800000000245e-02
7.616428800000001054e-02
6.825927499999999426e-02
3.232882500000000547e-02
5.164918999999999066e-02
2.652920999999999752e-02
1.045265799999999939e-01
1.445518202999999946e-01
7.619522680999998854e-02
4.312227789000001171e-02
7.609792499999999682e-02
3.134267500000002121e-02
2.077090000000000533e-02
3.073820000000000371e-02
5.795273000000000091e-02
5.251385000000000775e-02
2.889864000000000321e-02
5.860986699999998911e-02
5.656634199999999169e-02
3.262531900000001372e-02
3.722256999999998955e-02
3.228799999999999032e-02
2.451609000000000427e-02
3.823931500000000289e-02
2.795643000000000086e-02
4.106819999999999221e-02
5.505527999999999811e-02
5.787643000000001342e-02
3.596719000000000999e-02
6.150029000000001300e-02
3.552758999999999778e-02
4.075632999999997258e-02
5.640984999999996974e-02
6.200171999999998240e-02
4.071578000000000003e-02
2.477481999999999948e-02
7.786980000000000290e-02
