FramewiseDisplacement
5.106764949999998554e-02
8.600183000000002909e-02
1.964590700000000134e-01
1.892513000000000112e-01
9.166540500000001923e-02
3.010833499999999302e-02
7.450400499999998427e-02
7.911687299999994871e-02
5.613184799999996338e-02
7.497475199999999174e-02
1.379294320000000185e-01
1.667878149999999504e-01
1.137849049999999779e-01
1.011201489999999786e-01
1.493747789999999853e-01
1.240812499999999763e-01
1.172989049999999811e-01
6.839578500000001449e-02
4.154369999999999591e-02
1.768369999999998970e-02
7.667779999999999041e-02
3.931012000000001089e-02
2.280599999999998601e-02
4.851077000000000861e-02
3.708840000000000747e-02
1.086649699999999857e-01
1.937158700000000122e-01
1.533867700000000056e-01
7.475217500000000403e-02
1.159280249999999901e-01
1.475026299999999679e-01
1.205891299999999888e-01
1.148910499999999946e-01
2.003369999999999804e-02
9.573734799999999989e-02
1.092206479999999758e-01
6.008092500000000724e-02
5.361030000000002044e-02
9.005507500000001220e-02
2.065572999999999992e-01
1.553162000000000154e-01
5.174055000000001014e-02
6.164525000000001254e-02
8.881430000000001268e-02
1.583771299999999771e-01
1.392767199999999927e-01
5.988745000000000873e-02
6.300232999999999528e-02
1.226090699999999867e-01
1.054945499999999925e-01
5.403954999999999176e-02
3.935865000000000891e-02
1.981495000000000062e-01
2.926896999999999971e-01
1.813683500000000115e-01
4.569300000000000445e-02
7.326019999999996979e-02
1.746219749999999848e-01
2.082381249999999684e-01
1.610590999999999828e-01
1.518185999999999980e-01
1.541310999999999931e-01
1.786225000000000174e-01
1.197562499999999808e-01
8.270964999999998180e-02
1.379078149999999614e-01
1.502804150000000005e-01
5.538274999999999448e-02
1.021572899999999978e-01
2.197494899999999918e-01
2.549057000000000128e-01
2.025661999999999741e-01
1.451992499999999742e-01
1.019464999999999955e-01
1.158525499999999986e-01
5.669850000000000584e-02
1.296752999999999656e-01
1.665582999999999925e-01
1.050848999999999950e-01
8.443385000000000473e-02
1.267897000000000052e-01
1.214560000000000084e-01
1.892757100000000137e-01
1.382386600000000132e-01
8.998124999999997098e-02
9.651389999999999969e-02
1.490647000000000222e-01
1.422760500000000428e-01
1.555805000000000105e-01
1.190611499999999767e-01
7.733170000000000321e-02
5.125649999999999651e-02
7.712700000000001499e-02
1.099812500000000026e-01
1.527146500000000073e-01
8.350109999999999477e-02
5.233424999999998495e-02
5.919074500000000294e-02
1.111375450000000042e-01
1.566790499999999864e-01
2.032117500000000243e-01
1.444807499999999634e-01
1.129150000000000015e-01
1.439497000000000138e-01
7.728295499999998652e-02
6.924445499999999643e-02
7.558409500000000392e-02
5.710470999999999603e-02
7.489374999999999505e-02
1.575589850000000125e-01
2.336023010000000122e-01
1.241226210000000024e-01
1.970025800000000105e-01
3.794115359999999382e-01
1.703117509999999835e-01
9.172610849999998650e-02
3.039016614999999755e-01
2.616797180000000056e-01
6.227056699999999889e-02
6.620607499999998924e-02
1.720658100000000135e-01
8.995833000000000301e-02
3.088272999999999713e-02
6.719195000000000029e-02
6.237691999999999543e-02
7.446427090000000415e-02
1.351586891000000068e-01
1.687510150000000320e-01
1.540476000000000067e-01
1.876997585000000079e-01
1.963107904999999986e-01
1.627177599999999891e-01
1.370915400000000117e-01
1.208746200000000159e-01
4.926828500000000888e-02
1.113849360000000177e-01
5.988718400000000996e-02
5.132039999999999519e-02
7.444529599999999414e-02
6.907899900000000204e-02
4.304802500000000365e-02
3.148024899999998794e-02
1.008046289999999789e-01
1.827309749999999899e-01
1.465738649999999976e-01
9.724103499999998956e-02
1.338064650000000133e-01
1.823574599999999990e-01
2.004841450000000025e-01
1.570269049999999944e-01
1.048724749999999928e-01
8.970613499999997853e-02
6.098293499999998812e-02
3.337072000000000649e-02
1.146761749999999913e-01
1.255603999999999887e-01
7.506388499999999686e-02
8.994555999999999385e-02
8.238750200000000135e-02
7.609098200000000145e-02
2.000918780000000008e-01
1.857920865000000366e-01
7.318657150000000555e-02
1.741113550000000232e-01
7.125328000000000217e-02
4.465860999999999442e-02
7.043340449999999087e-02
4.191688549999999375e-02
3.064867499999999328e-02
1.063656800000000041e-01
2.003089050000000093e-01
1.595606749999999852e-01
1.155896669999999932e-01
1.785873970000000088e-01
2.393681599999999965e-01
1.665364000000000011e-01
1.194693550000000132e-01
7.993787999999998894e-02
9.881146999999999847e-02
3.188749300000000009e-01
2.801697450000000256e-01
8.642622000000001192e-02
1.930776300000000001e-01
1.550794149999999982e-01
1.525367850000000081e-01
1.738569250000000510e-01
1.690178549999999669e-01
1.033886599999999933e-01
8.527406000000001263e-02
5.891345000000000609e-02
4.665040000000000853e-02
9.496892499999999571e-02
1.263265749999999965e-01
1.239975199999999861e-01
1.293694699999999864e-01
2.017970099999999711e-01
2.063599600000000367e-01
1.817987299999999917e-01
1.188686800000000043e-01
7.539036000000000348e-02
2.548478100000000079e-01
4.193143499999999468e-01
1.399319499999999994e-01
3.231028999999999707e-01
2.804433000000000065e-01
1.249683199999999939e-01
1.797903699999999771e-01
1.627109499999999653e-01
2.168159799999999915e-01
1.384804300000000155e-01
5.680364999999999026e-02
2.008324400000000287e-01
2.740502400000000560e-01
1.506798500000000041e-01
1.059168900000000135e-01
6.554084000000001686e-02
5.330390000000000128e-02
1.731482000000000299e-01
3.239297499999999608e-01
1.156533350000000099e-01
2.360685750000000027e-01
1.011104000000000031e-01
1.479079299999999930e-01
1.058667800000000075e-01
1.679943499999999867e-01
5.647849999999999399e-02
2.477512800000000182e-01
7.799422999999999773e-02
3.387070599999999487e-01
2.607873500000000289e-01
1.363056400000000057e-01
2.642388399999999749e-01
1.492078000000000015e-01
1.633802400000000099e-01
1.486564400000000008e-01
1.722732500000000444e-01
2.438656999999999908e-01
2.285867500000000052e-01
1.489044999999999952e-01
8.979980000000001295e-02
2.756686999999999887e-01
1.585473500000000313e-01
2.089244499999999838e-01
1.764720499999999637e-01
1.829694500000000057e-01
1.139588000000000267e-01
1.923841000000000023e-01
5.928934999999999067e-02
2.297666000000000153e-01
1.147318000000000088e-01
1.893774000000000013e-01
9.615330000000001098e-02
2.566237500000000393e-01
1.479209500000000233e-01
1.534645500000000051e-01
9.979230000000001433e-02
2.279432999999999876e-01
1.686411999999999634e-01
6.201990000000005138e-02
