FramewiseDisplacement
6.485589999999996635e-02
3.889104999999998258e-02
5.258450000000000624e-02
9.481400000000002326e-02
6.371750000000002412e-02
5.444299999999999140e-02
3.605599999999999083e-02
2.989549999999999846e-02
7.494445000000002355e-02
1.498489999999999024e-02
6.819025000000000780e-02
2.697414999999999188e-02
1.546756499999999701e-01
1.870171999999999946e-01
1.367343500000000045e-01
8.059589999999999810e-02
7.370795000000000818e-02
7.556545000000000623e-02
4.554315000000002528e-02
4.985349999999999504e-02
4.044760000000001410e-02
3.646139999999997716e-02
1.586885000000002113e-02
5.293919999999999182e-02
6.668934999999998059e-02
5.694864999999998262e-02
4.240464999999998819e-02
4.132584999999999037e-02
3.147629999999999872e-02
3.327689999999999815e-02
1.591270000000000878e-02
3.634639999999999399e-02
3.157000000000001472e-02
3.168905000000000333e-02
5.419820000000001581e-02
5.468640000000001000e-02
3.265270000000000672e-02
4.566135000000000332e-02
9.351189500000001154e-02
8.705314500000001232e-02
2.581480000000001274e-02
2.231874999999998790e-02
4.397325000000000539e-02
4.698915000000000036e-02
4.976255000000000955e-02
3.272789999999999033e-02
4.186265000000000819e-02
7.507435000000001191e-02
4.515784999999999938e-02
6.070655000000000495e-02
2.553620000000000542e-02
1.264126999999999612e-02
3.650047000000000014e-02
4.774678499999999992e-02
2.753843499999999306e-02
1.356014999999999998e-02
2.127519999999999759e-02
3.608360000000000040e-02
1.955905000000000143e-02
5.077026999999999235e-02
4.423164999999999736e-02
2.565865999999999286e-02
3.964783000000000890e-02
4.690063100000000512e-02
1.084261300000000788e-02
6.086648899999999585e-02
2.802340000000000039e-02
3.645310000000000217e-02
4.135488500000000789e-02
4.133169000000000426e-02
5.510313000000000017e-02
5.301449599999999429e-02
2.649103300000000064e-02
4.599576299999999507e-02
8.550974999999998855e-03
3.713306499999999288e-02
2.668096499999999746e-02
2.841692999999999997e-02
3.499380499999999589e-02
2.550266000000000338e-02
6.548413000000002059e-03
3.404619700000000027e-02
5.638800000000000062e-02
7.502036500000000552e-02
4.014002549999999558e-02
2.870564050000000422e-02
2.297336000000000170e-02
3.337029999999999857e-02
3.366444999999999854e-02
6.063062999999999786e-02
7.462938000000000904e-02
3.680144999999999944e-02
3.896345000000000364e-02
2.468264999999999695e-02
2.621939000000001255e-02
4.929913000000001044e-02
2.090823000000000334e-02
3.717143999999999310e-02
5.269793999999999173e-02
5.335574499999999609e-02
3.861898499999999457e-02
6.179278999999999328e-02
4.351656000000000274e-02
5.878520499999999316e-02
5.190164200000000477e-02
7.571862199999998544e-02
5.135785000000000350e-02
2.249902200000000047e-02
4.782910299999999781e-02
8.385917999999997416e-03
3.820734800000000209e-02
3.262599500000000485e-02
3.322117799999999704e-02
4.592791100000000182e-02
4.808172900000000360e-02
1.537539000000000614e-02
4.340342000000000505e-02
4.676552999999999960e-02
4.428946500000000008e-02
3.663219499999999934e-02
2.686840999999999882e-02
3.297331499999999610e-02
3.550354900000000230e-02
1.595422900000000033e-02
4.746641499999999791e-02
6.840337800000000079e-02
4.913676699999999786e-02
2.552157900000000257e-02
5.190058899999999698e-02
4.104082350000000379e-02
4.814601350000000113e-02
9.316454857999999228e-02
8.795037812000000566e-02
4.559947329999999854e-02
3.513198499999999752e-02
6.084896500000000485e-02
6.041455499999999479e-02
3.565816189999999192e-02
5.285723690000000696e-02
1.572634499999999921e-02
2.669785999999999687e-02
2.981593499999999827e-02
3.147802999999999712e-02
3.163290099999999799e-02
2.821320899999999604e-02
8.873104999999999187e-02
1.170031799999999983e-01
1.198356819999999989e-01
5.195721799999999946e-02
8.393972000000000933e-02
9.221578000000001107e-02
8.103794999999999749e-02
5.437390999999999752e-02
6.219822000000001239e-02
5.787562999999999735e-02
2.664294999999999858e-02
3.413400999999999935e-02
3.260067700000000845e-02
3.680322299999999602e-02
7.395056999999999325e-02
6.801359999999999351e-02
2.599258999999999598e-02
2.162325000000001052e-02
2.586841000000001875e-02
5.756870999999999516e-02
1.549376000000000919e-02
3.154897999999999036e-02
3.736081000000000818e-02
4.050060999999997857e-02
4.831566899999999165e-02
3.001784400000001574e-02
3.144948499999998537e-02
3.709733999999999948e-02
6.796475000000000433e-02
7.266292999999998670e-02
6.198168000000000427e-02
6.104742000000000501e-02
4.748232999999998927e-02
5.824017000000000083e-02
6.764068999999997556e-02
4.716500000000001247e-02
3.613664999999999239e-02
6.155280000000001861e-02
7.382664999999999367e-02
2.575125000000000330e-02
6.722318500000000474e-02
7.899969500000000866e-02
7.046235800000000271e-02
5.856018799999997138e-02
7.291800000000001059e-02
5.993252499999999344e-02
3.176303750000000758e-02
2.495641250000003170e-02
2.820640000000000300e-02
5.170975999999999351e-02
4.893679499999997046e-02
5.869700500000001736e-02
3.812020000000001380e-02
4.432172000000001583e-02
4.118738000000002342e-02
2.779655500000004914e-02
1.288619999999998655e-02
4.394309500000002228e-02
4.849919999999999926e-02
4.874399999999998873e-02
5.392579999999998902e-02
4.742070000000000313e-02
3.848615000000001063e-02
4.512474999999997738e-02
3.173025000000000845e-02
4.335474999999995582e-02
3.246909999999997298e-02
1.152069999999999657e-02
6.427430000000000643e-02
1.030992499999999756e-01
9.300196999999998937e-02
7.611541999999998920e-02
3.016675000000000953e-02
1.109418500000000501e-01
2.017183799999999749e-01
1.588011300000000126e-01
6.866745000000001875e-02
6.006424999999999959e-02
6.454929999999996226e-02
4.440100000000001684e-02
2.662004999999997845e-02
2.928065000000001916e-02
5.172655000000005165e-02
5.515925000000000689e-02
5.594949999999997148e-02
3.502830000000002608e-02
2.113095000000004414e-02
9.494700000000008688e-03
4.701172000000001377e-02
6.814457000000001541e-02
5.751499999999996893e-02
3.833714999999995876e-02
4.082499999999995854e-02
2.926139999999999991e-02
5.272905000000002035e-02
5.575129999999996200e-02
8.947470000000000423e-02
5.321619999999999823e-02
3.904984999999992767e-02
6.729615000000002678e-02
4.159220000000000972e-02
6.807560000000000000e-02
1.059499999999996903e-02
3.871535000000002336e-02
4.189444999999995117e-02
4.057409999999996714e-02
2.306209999999999510e-02
3.296639999999999293e-02
4.776050000000001822e-02
4.518319999999997894e-02
9.598194999999998256e-02
5.148674999999999780e-02
4.578084999999998406e-02
3.606110000000001259e-02
