FramewiseDisplacement
1.618186000000000069e-01
6.328679999999999028e-02
5.765364999999995910e-02
1.044427000000000133e-01
1.378326200000000445e-01
1.295046199999999592e-01
6.961675000000000502e-02
2.858219999999998123e-02
9.277334999999997667e-02
3.555779999999997276e-02
1.877184499999999812e-01
2.047286999999999579e-01
8.352286999999999906e-02
2.871370699999999387e-01
3.136994499999999353e-01
1.680971500000000007e-01
9.127157000000002407e-02
6.387376999999999638e-02
1.148008500000000098e-01
5.422195000000000487e-02
6.355864999999999432e-02
6.011659999999997839e-02
1.444592499999999835e-01
2.921036800000000322e-01
1.501658300000000001e-01
1.030628999999999990e-01
5.574910499999998631e-02
4.743655500000000524e-02
4.189010000000003425e-02
7.871655000000003788e-02
1.225473150000000039e-01
1.619671149999999948e-01
9.272900499999998936e-02
1.027789399999999992e-01
1.761294399999999982e-01
1.737683050000000118e-01
8.762890000000000956e-02
1.046145199999999748e-01
1.299519299999999933e-01
3.753414999999998836e-02
7.375380000000002212e-02
1.210769000000000289e-01
8.819063999999998682e-02
8.122847000000002482e-02
4.312735000000002261e-02
3.274748999999997634e-02
6.485577000000000703e-02
1.100185699999999961e-01
1.860423299999999780e-01
1.343935249999999859e-01
5.763190500000001104e-02
1.056854000000000265e-01
9.965385000000000215e-02
1.090418500000000235e-01
3.583839999999999942e-02
1.470329799999999798e-01
6.348443999999998921e-02
3.218648299999999907e-01
4.883983845000000046e-01
3.667456581000000382e-01
2.430881573999999767e-01
1.707098299999999791e-01
1.764156449999999821e-01
1.667083649999999972e-01
8.625885999999999276e-02
1.297275500000000248e-01
1.811514000000000180e-01
1.926414100000000129e-01
1.386837499999999945e-01
1.677996999999999961e-01
1.707153100000000367e-01
2.053767200000000126e-01
1.853788199999999720e-01
1.347190399999999844e-01
8.295346999999998749e-02
1.659661900000000134e-01
1.709593000000000085e-01
9.294334999999999403e-02
9.545348000000000721e-02
1.805944000000000160e-01
1.115124000000000115e-01
6.763558599999999754e-02
1.480683760000000015e-01
1.592065800000000142e-01
1.027660799999999958e-01
9.277102000000002346e-02
9.813127000000000655e-02
8.372148000000001478e-02
8.124649000000003229e-02
9.802787000000001694e-02
1.235229699999999958e-01
6.611932999999999006e-02
1.589333299999999838e-01
1.236113699999999982e-01
7.276176500000000602e-02
6.593147999999998676e-02
8.214543500000000276e-02
5.066714500000000371e-02
5.030503999999998144e-02
7.147939500000000113e-02
7.566064999999998208e-02
6.099049999999997529e-02
8.958222999999998493e-02
8.041612000000000759e-02
7.465184999999997795e-02
9.097664000000001139e-02
6.255241000000000273e-02
1.348783084999999882e-01
2.664151585000000266e-01
2.847792300000000498e-01
2.588104099999999907e-01
1.868542299999999823e-01
2.073050500000000185e-01
2.745005400000000151e-01
2.624843900000000119e-01
1.723046500000000036e-01
8.785404000000000824e-02
1.225842400000000387e-01
1.927088650000000625e-01
1.691784849999999618e-01
7.965806000000000275e-02
1.551720550000000032e-01
1.559130649999999896e-01
9.530947000000003499e-02
1.230432800000000187e-01
1.234096699999999991e-01
1.434245700000000290e-01
4.838075099999999962e-01
1.830703899999999995e-01
1.072812350000000026e-01
1.570836869999999996e-01
6.230722500000000080e-02
6.198384499999999575e-02
7.003154500000000060e-02
2.411189920000000042e-01
2.291787929999999640e-01
1.902567899999999812e-01
9.048420000000001462e-02
1.147419100000000164e-01
9.179914000000000129e-02
7.929131999999999847e-02
9.910078999999999416e-02
5.890173999999998716e-02
7.703931999999999447e-02
5.569137999999999866e-02
3.751739999999999242e-02
8.505376000000001990e-02
6.938457850000000204e-02
2.797548349999999864e-02
7.457818499999999129e-02
5.710150500000000379e-02
1.038534300000000105e-01
7.689077999999999191e-02
1.821864499999999165e-02
3.861305000000001680e-02
6.370665000000000355e-02
8.759579999999998756e-02
2.136026000000000036e-01
1.248226900000000139e-01
1.954993600000000109e-01
1.873259549999999884e-01
5.036095499999999892e-02
8.487454999999999306e-02
1.461331000000000158e-01
1.308907399999999777e-01
9.855426000000000464e-02
1.317141000000000284e-01
1.369447000000000025e-01
8.684847999999999180e-02
6.571788000000002017e-02
5.787719999999999670e-02
5.166124999999999190e-02
1.041513000000000161e-01
1.511028329999999920e-01
1.790357429999999972e-01
1.182672999999999919e-01
5.394250999999999907e-02
5.923014999999999530e-02
1.115297000000000094e-01
1.625870000000000093e-01
8.639080000000000370e-02
7.391639999999999322e-02
8.359324999999999395e-02
8.110006999999998245e-02
6.454946999999999768e-02
1.233094000000000134e-01
1.169892400000000221e-01
8.459959000000000229e-02
1.764214000000000060e-01
1.566369900000000037e-01
9.187088999999999672e-02
8.421014999999999751e-02
1.257567799999999847e-01
6.496333000000001356e-02
9.200525000000001064e-02
5.597504999999999842e-02
5.000814999999998733e-02
8.541500000000000481e-02
6.115999999999999215e-02
4.159495000000000553e-02
9.341116000000000696e-02
1.135992100000000060e-01
1.020346499999999906e-01
7.198086999999998847e-02
7.456121999999999750e-02
9.543000000000000094e-02
5.327959999999999641e-02
7.442228600000000416e-02
7.766738599999999104e-02
7.220484999999998710e-02
5.448669999999999208e-02
3.830840000000000634e-02
4.583330000000000043e-02
9.387065000000001380e-02
1.071475099999999875e-01
6.796590999999999050e-02
1.393630999999999898e-01
2.261816999999999855e-01
2.322172499999999862e-01
1.741703999999999752e-01
1.252001499999999823e-01
1.173117000000000049e-01
1.186817000000000288e-01
8.213364999999998861e-02
7.930985000000001506e-02
5.810134999999996830e-02
7.641108999999998708e-02
1.006193899999999891e-01
9.823579999999999812e-02
1.494122799999999807e-01
1.279843299999999795e-01
7.560924999999998897e-02
9.967438000000000686e-02
9.235688000000000231e-02
4.026119000000001613e-02
1.010993200000000203e-01
5.834862000000001075e-02
5.071078999999998477e-02
8.564599999999999991e-02
5.045399999999998497e-02
9.165717000000003778e-02
8.458656999999997206e-02
2.041796000000000166e-01
2.055943000000000076e-01
1.023207499999999881e-01
1.220081499999999680e-01
2.229549999999999865e-01
2.405563500000000299e-01
1.532975900000000113e-01
2.638719899999999452e-01
4.834580679999999631e-01
3.765601019999998966e-01
3.051759099999999947e-01
1.042663900000000143e-01
1.479977799999999954e-01
9.956762999999999031e-02
1.714589049999999393e-01
1.615230049999999973e-01
7.438488400000003997e-02
