FramewiseDisplacement
1.769632999999999623e-01
9.616708000000000200e-02
5.335293000000002756e-02
4.669250000000000483e-02
7.175260000000009686e-02
5.296799999999995956e-02
5.923160000000004394e-02
6.342373000000001149e-02
6.334252999999996636e-02
3.968653500000001583e-02
8.337191500000001865e-02
9.384215000000002693e-02
8.353390000000003590e-02
4.374899999999994765e-02
4.162385000000001778e-02
3.599721999999998950e-02
6.847750000000001058e-02
3.764711999999999226e-02
3.493762000000000256e-02
3.692150000000003762e-02
5.808250499999999955e-02
3.937343499999988033e-02
1.147536000000000805e-01
1.882985499999999535e-01
1.334139999999998938e-01
1.292834999999999679e-01
1.142535000000000356e-01
7.436550000000000105e-02
4.313849999999994078e-02
1.029819999999999625e-01
6.127030000000009691e-02
4.417475000000006119e-02
8.755089999999988992e-02
7.982235000000001413e-02
4.679350000000007115e-02
8.669329999999997316e-02
3.526785000000006581e-02
8.398495000000008592e-02
8.255814999999999682e-02
1.211563999999999974e-01
4.615375000000000727e-02
3.796039999999996362e-02
3.523030000000001299e-02
3.791605000000002057e-02
8.096169999999998368e-02
1.104155500000000151e-01
7.765989999999999005e-02
4.972605000000004938e-02
8.240350000000001840e-02
1.200009999999999827e-01
7.920244999999997981e-02
4.151554999999997747e-02
8.022490000000000177e-02
8.154164999999997943e-02
5.002829999999999777e-02
3.656304999999993727e-02
7.448974999999997959e-02
1.118454500000000268e-01
5.643294999999999562e-02
1.253507499999999830e-01
1.207727499999999704e-01
6.809210000000000262e-02
5.988974999999998466e-02
3.581819999999998755e-02
5.799859999999999738e-02
4.839170000000000277e-02
1.130304000000000308e-01
3.667615000000000458e-02
3.327754999999998908e-02
7.074185000000002277e-02
3.481899999999999579e-02
4.812654999999994854e-02
3.916179999999997580e-02
5.477429999999999799e-02
7.453914999999999846e-02
7.848319999999997520e-02
8.479425000000000157e-02
6.262267500000003040e-02
7.352862500000001411e-02
8.492312499999996045e-02
7.572047499999998155e-02
1.050370749999999381e-01
7.127630000000001464e-02
1.526530999999999860e-01
7.753720000000000057e-02
4.952831000000004064e-02
7.597270999999997110e-02
9.234549999999998315e-02
8.451394099999998133e-02
4.685284099999996454e-02
1.095734999999999765e-01
8.659882499999996264e-02
5.517936499999999411e-02
3.338703999999998590e-02
4.183759999999999563e-02
4.143380000000000674e-02
3.129527499999999740e-02
6.980837500000000584e-02
5.153729999999999423e-02
3.003449500000000480e-02
5.780391999999999475e-02
3.600504999999997596e-02
4.391755999999998050e-02
4.819211500000000759e-02
2.793669500000002526e-02
6.349974000000002672e-02
4.284649000000001484e-02
5.336398500000000267e-02
9.771508500000000708e-02
1.234627499999999684e-01
2.794151999999999747e-01
1.442597300000000304e-01
9.838327000000000877e-02
1.080771499999999830e-01
7.691069999999999851e-02
5.138655000000000306e-02
3.883654999999998358e-02
4.540529999999998872e-02
5.067160000000001108e-02
4.185695000000001775e-02
3.895751500000001200e-02
5.502124999999999377e-02
6.327140000000001929e-02
1.998986499999999833e-01
1.141196359999999965e-01
6.423442899999999567e-02
9.399780299999999089e-02
1.022951199999999894e-01
7.051702899999999496e-02
4.814485200000000187e-02
3.141523899999999758e-02
2.009777800000000017e-02
4.707558800000000154e-02
4.306348999999999594e-02
6.208552499999999558e-02
6.808837849999999081e-02
6.897291850000000779e-02
3.036237999999999784e-02
7.497029000000000887e-02
8.738310000000000521e-02
1.325983700000000209e-01
1.386942899999999979e-01
8.959113999999999967e-02
4.514887999999998847e-02
4.792348499999999484e-02
4.626467499999999816e-02
6.526616000000000362e-02
5.041706500000000396e-02
4.328131500000000076e-02
2.205749999999999725e-02
2.746484000000000078e-02
9.457983000000000362e-02
4.348184000000000771e-02
8.391954999999999554e-02
4.392953000000000136e-02
1.125118400000000157e-01
1.302774099999999824e-01
6.786234999999997408e-02
1.194081399999999821e-01
8.711188999999999738e-02
6.558100000000000041e-02
1.506201299999999910e-01
1.951426300000000114e-01
7.055354999999999266e-02
1.206409499999999968e-01
1.693689000000000167e-01
7.507140000000001034e-02
5.823664500000001049e-02
1.501144950000000144e-01
8.757175000000000376e-02
2.994564999999997645e-02
1.685930000000000206e-01
2.543376000000000525e-01
9.699940000000001339e-02
6.226464999999997696e-02
1.148464999999999903e-01
8.968210000000000071e-02
6.638299999999998369e-02
4.580765000000001919e-02
6.531615000000001725e-02
7.413479999999998682e-02
6.131389999999999063e-02
3.965035000000003557e-02
1.384899000000000546e-01
1.730391000000000290e-01
1.304884500000000336e-01
1.126944000000000140e-01
5.884144999999998960e-02
3.838809999999999445e-02
9.857235000000008629e-02
1.187281500000000323e-01
3.722934999999995970e-02
7.382729999999991521e-02
1.015384499999999746e-01
6.296164999999995238e-02
7.851414999999994926e-02
2.037235999999999492e-01
1.627290500000000417e-01
2.146150000000000557e-01
7.174915000000002541e-02
1.761254500000000167e-01
2.280999499999999958e-01
2.491034500000000318e-01
3.050872499999999765e-01
1.967449999999999477e-01
1.181033000000000222e-01
1.823744000000000753e-01
9.166360000000006725e-02
5.692119999999997043e-02
9.272299999999991660e-02
4.804050000000006232e-02
8.055110000000001436e-02
1.085411000000000292e-01
8.925450000000002826e-02
3.299519999999997455e-02
3.113409999999995972e-02
3.085000000000001977e-02
1.411712999999999441e-01
1.655669999999999364e-01
1.684448000000000056e-01
1.300761499999999460e-01
1.530682900000001345e-01
2.782180199999999548e-01
5.128362999999997590e-02
1.504302299999998871e-01
1.181822349999999827e-01
2.109080850000000784e-01
1.505500499999998243e-01
1.322830499999998743e-01
1.453208500000000847e-01
6.423719999999985553e-02
8.333514999999996897e-02
1.548983500000001845e-01
1.126695500000000905e-01
8.914914999999980216e-02
3.036984999999990664e-02
9.714800000000010927e-02
6.250964999999999994e-02
4.094120000000002479e-02
5.587159999999992410e-02
6.672409999999992514e-02
2.191774999999983667e-02
8.169113000000000069e-01
6.567483499999999808e-01
1.171030000000000820e-01
6.214310000000004830e-02
8.121910000000000240e-02
8.435489999999994104e-02
1.167523999999998674e-01
1.310233999999998733e-01
1.033620999999999429e-01
8.222729999999998929e-02
7.627350000000000796e-02
1.275450000000000472e-01
5.565100000000006153e-02
4.299049999999993155e-02
5.569849999999998413e-02
9.741899999999997783e-02
8.797399999999998277e-02
