FramewiseDisplacement
2.850424999999991507e-02
1.271286199999999977e-01
8.913709300000004221e-02
8.839585299999999646e-02
6.014235799999995136e-02
6.388209199999990429e-02
9.665871000000003654e-02
1.803802999999999379e-01
4.254000000000005000e-02
7.068030000000001534e-02
1.001003999999999783e-01
3.767999999999998434e-02
9.127532499999999049e-02
9.372457499999996278e-02
1.892260499999999790e-01
8.106348249999999200e-02
6.486354249999989885e-02
9.012727000000000932e-02
2.037276500000000101e-01
1.474852931000000256e-01
4.820614309999997349e-02
3.991669500000005755e-02
1.044708449999999511e-01
1.467270500000000255e-01
1.122292950000000344e-01
7.631931999999999605e-02
1.253062299999999907e-01
5.786459999999997439e-02
4.133805000000002200e-02
5.495770000000003291e-02
5.563225000000001502e-02
9.197414999999999063e-02
7.163069999999993609e-02
1.055776000000000214e-01
4.513364999999994187e-02
4.515177999999998859e-02
9.844272000000006684e-02
6.546990000000001142e-02
5.776787500000002407e-02
7.173772500000004382e-02
6.522214999999996488e-02
1.631878500000000232e-01
1.433828500000000061e-01
2.811099999999999016e-02
2.771459999999993998e-02
1.424328999999999734e-01
6.630904999999993887e-02
7.917090000000000238e-02
6.658695000000001973e-02
4.799859999999998850e-02
8.455795000000004835e-02
8.151064999999996230e-02
8.881830000000000280e-02
1.374447000000000030e-01
6.434089999999999254e-02
7.802615000000001633e-02
1.061972499999999653e-01
7.463924000000000947e-02
1.766861000000000403e-01
5.339620999999995787e-02
5.805744999999996186e-02
7.926746499999999529e-02
8.012639500000000303e-02
8.304300499999994756e-02
8.627920499999996995e-02
5.217860500000000290e-02
1.404750850000000273e-01
4.770700500000000788e-01
6.372746999999999717e-01
1.103996500000000436e-01
1.250913999999999915e-01
1.196877499999999123e-01
8.004122500000007689e-02
9.490785500000002706e-02
4.724905500000002589e-02
5.441582999999999837e-02
6.587700499999994685e-02
8.717227500000004903e-02
1.006186300000000561e-01
8.830589500000002312e-02
9.225825000000008325e-02
1.028087100000000392e-01
4.826978999999999992e-02
7.908561999999998149e-02
1.041976949999999930e-01
6.685231499999999549e-02
1.194872299999999860e-01
3.535045500000000285e-02
7.993298499999995643e-02
8.937812500000000271e-02
3.941036500000002357e-02
9.507396999999995213e-02
7.974403899999994716e-02
1.049643010000000515e-01
1.340397550000000104e-01
8.139188499999999715e-02
4.787374999999998576e-02
6.242780899999996608e-02
5.327173799999999210e-02
3.226801299999998429e-02
9.583090000000001052e-02
5.846453999999998152e-02
7.114092999999999112e-02
7.468912500000002286e-02
6.424617999999998608e-02
2.246227850000000470e-01
1.088657370000000041e-01
5.392740699999999665e-02
9.778490000000000792e-02
9.687679999999998515e-02
4.051470599999999062e-02
6.992950600000000239e-02
8.218999999999997141e-02
4.487925000000000247e-02
5.844440499999997707e-02
2.626692499999998959e-02
4.443568500000002336e-02
8.456139499999999753e-02
2.279040000000000579e-02
5.525432999999997652e-02
9.140379999999997951e-02
7.366091999999999085e-02
1.103848100000000138e-01
1.031958000000000042e-01
5.463948000000000416e-02
4.758215999999999835e-02
7.547640000000001292e-02
1.723216000000000192e-01
1.770752400000000226e-01
9.147835199999998501e-02
3.882650600000000368e-02
3.514825800000000167e-02
9.007115000000000260e-02
6.376213999999999493e-02
1.129764999999999936e-01
1.638551599999999997e-01
5.176833999999999603e-02
1.102265959999999961e-01
6.497003599999999490e-02
1.088301720000000028e-01
1.108913700000000030e-01
1.025489650000000058e-01
1.048426449999999982e-01
7.332494999999999985e-02
1.073932379999999881e-01
1.460774280000000092e-01
5.084326000000000123e-02
6.825944999999999929e-02
6.900593000000000699e-02
3.809270000000000017e-02
9.168503000000000069e-02
2.822705999999999826e-01
3.045889199999999852e-01
4.121800999999999937e-02
8.229416999999999982e-02
1.366330800000000179e-01
1.162620999999999932e-01
1.027119749999999970e-01
1.370469250000000139e-01
9.245293499999999998e-02
3.900414500000001783e-02
5.520762999999997284e-02
3.381010000000000959e-02
9.228855199999999592e-02
2.775519699999999534e-02
9.449444500000001024e-02
7.520408000000000648e-02
1.065578900000000023e-01
1.571605999999999836e-01
1.237437000000000120e-01
3.448709999999999276e-02
8.004224999999998147e-02
6.849709999999999133e-02
5.086629999999998930e-02
1.249876499999999918e-01
7.751764499999999614e-02
7.359778499999999890e-02
1.396859919999999811e-01
1.222523679999999863e-01
5.436261999999997957e-02
8.021427000000001806e-02
6.219235500000001166e-02
6.991318500000000269e-02
1.272044900000000034e-01
8.987884999999999625e-02
8.287111499999999520e-02
1.538571349999999782e-01
6.668475999999998183e-02
6.306015000000000925e-02
6.398855000000000515e-02
7.940115000000001755e-02
1.733052000000001591e-02
5.930169999999998498e-02
8.268340999999999885e-02
6.624554999999998639e-02
5.901941999999998911e-02
2.893301000000001247e-02
5.791083000000001035e-02
4.783184999999999520e-02
9.042613999999997432e-02
7.076514999999999889e-02
6.633456999999999548e-02
6.609137999999999125e-02
4.183860000000001050e-02
1.466383999999999743e-01
1.381085600000000191e-01
1.615223900000000157e-01
6.965070000000000983e-02
7.845559999999998646e-02
6.124509999999998983e-02
8.932205000000000006e-02
1.538262999999999714e-01
1.164506999999999903e-01
9.230830000000002367e-02
7.587885000000001157e-02
9.919324999999999670e-02
7.100964999999997973e-02
3.548064999999999553e-02
8.920859999999999901e-02
5.324810000000000654e-02
8.008625000000001160e-02
6.340305000000001634e-02
6.261249999999998761e-02
3.498560000000000558e-02
3.170665000000000289e-02
4.223230000000001427e-02
1.192209500000000061e-01
3.003230999999999540e-01
2.409451499999999968e-01
4.791045999999999361e-01
2.493799999999999906e-01
4.852095000000002101e-02
9.754709999999998382e-02
5.657820999999998990e-02
4.802431000000002836e-02
5.665275000000000172e-02
8.344735000000001734e-02
1.201511000000000245e-01
6.410804999999999976e-02
1.937137999999999916e-01
1.015183000000000196e-01
4.311819999999999542e-02
6.426380000000000980e-02
5.188029999999999725e-02
5.560659999999999215e-02
1.206175499999999901e-01
1.481596699999999933e-01
1.283621199999999962e-01
7.262514999999999943e-02
1.346066499999999944e-01
1.023788499999999796e-01
1.292164500000000105e-01
7.391985000000000916e-02
6.209948000000000551e-02
5.605971999999997957e-02
3.793992999999997590e-02
7.810522000000000298e-02
9.820457600000000176e-02
3.483291500000001290e-02
