FramewiseDisplacement
1.268899999999997807e-01
1.865974999999998607e-01
1.102945000000001563e-01
3.200074000000002195e-01
2.298627000000000309e-01
6.612254999999991889e-02
7.636114999999986386e-02
1.179335000000003852e-01
1.552659999999999596e-01
1.424650000000002303e-01
3.473905999999998828e-01
6.227959999999999052e-01
5.009683699999998296e-01
2.856829649999999554e-01
1.203645449999999062e-01
1.542179499999999648e-01
1.245859500000000286e-01
8.428605000000001513e-02
1.258189999999999586e-01
2.093797499999999756e-01
1.408032499999999076e-01
1.765050960000001390e-01
8.743039600000004907e-02
7.092993499999999951e-02
8.310685499999978521e-02
1.322610899999999423e-01
1.243979000000000057e-01
1.511511000000001215e-01
5.678179999999996563e-02
1.230110000000000647e-01
9.279505000000010106e-02
1.223724499999998688e-01
1.604752499999998472e-01
2.483617500000001865e-01
2.982998999999998402e-01
3.355688000000000004e-01
3.062356450000001673e-01
1.142080949999999540e-01
4.243614999999995030e-02
5.865440000000002319e-02
4.071493500000004928e-02
1.144458850000000250e-01
7.153325499999996229e-02
9.481860499999998637e-02
1.103532499999999306e-01
1.793067000000000133e-01
1.437019049999999631e-01
1.351985559999999698e-01
1.862695010000000595e-01
1.331272000000000288e-01
1.445122000000000073e-01
1.953372949999999664e-01
9.892172499999996038e-02
8.079497000000000761e-02
9.007778999999996317e-02
8.289968999999990096e-02
8.684179999999999677e-02
5.788105000000003109e-02
9.198617999999990358e-02
2.188672299999999127e-01
1.401905999999998875e-01
1.297284499999998286e-01
9.461099999999984800e-02
1.042805500000000968e-01
7.649230000000001306e-02
1.317199999999998095e-01
1.555198499999998485e-01
1.409070499999998394e-01
9.183900000000007335e-02
6.802899999999995062e-02
9.732549999999995372e-02
4.697999999999998011e-02
1.060980000000000811e-01
4.514111000000002316e-01
5.759631000000001722e-01
9.826144500000000281e-01
8.630308720000000600e-01
4.892656720000000403e-01
1.748094849999999867e-01
5.837798499999999335e-02
1.759500000000000230e-01
1.581262999999999697e-01
1.068912249999999786e-01
1.193554449999999906e-01
1.066637099999999949e-01
8.977508500000001834e-02
9.627470999999995782e-02
3.998136499999996318e-02
9.565693000000002888e-02
6.137387449999998079e-02
4.028496450000000617e-02
1.210497950000000017e-01
8.175820000000000309e-02
5.591569500000001525e-02
1.088949400000000234e-01
4.501920499999998576e-02
1.105985250000000170e-01
5.527296999999999072e-02
9.651157999999997184e-02
6.617466999999997712e-02
1.495036079999999545e-01
9.872144300000001982e-02
5.929124999999998979e-02
1.403981499999999993e-01
4.846265500000000725e-02
5.714561150000000561e-02
3.371846350000000381e-02
6.554391500000000814e-02
6.029890635000001442e-02
9.993198135000000426e-02
6.136591799999999847e-02
1.170371410000000112e-01
9.831868700000001571e-02
1.475707739999999879e-01
1.549178290000000069e-01
1.592286900000000061e-01
3.592906799999999456e-02
9.482710200000001033e-02
1.010221300000000016e-01
7.768992450000000716e-02
4.988989949999999424e-02
3.801936000000000204e-02
6.525573600000000862e-02
7.347669899999999255e-02
3.909812500000000440e-02
3.518453500000000289e-02
5.026966099999999327e-02
7.173525399999999830e-02
6.603404499999999955e-02
8.344147899999998508e-02
9.712459599999999360e-02
6.246578500000000977e-02
4.945503500000000829e-02
1.998344349999999769e-01
1.612380100000000149e-01
5.398208999999999647e-02
5.840089000000000391e-02
9.192256500000001163e-02
8.483634500000000744e-02
2.315323149999999885e-01
1.536831650000000105e-01
1.691400299999999968e-01
7.611300000000000010e-02
4.885289999999999078e-02
1.095852549999999925e-01
5.587723999999999469e-02
5.637946500000000360e-02
7.757211999999999441e-02
6.491756649999999573e-02
5.433764150000001958e-02
5.635442299999998683e-02
8.357330799999999893e-02
9.384299999999999586e-02
7.416834999999999400e-02
8.535024999999997475e-02
8.984330499999998443e-02
1.329777050000000016e-01
9.180285000000000528e-02
8.916639999999999289e-02
5.964946999999998917e-02
2.816486999999999810e-02
9.417749999999999733e-02
9.467604999999998383e-02
5.620219999999999383e-02
6.107074999999999310e-02
1.264948000000000183e-01
8.071951999999997518e-02
7.908246999999998805e-02
5.878264999999998491e-02
2.375505000000000325e-02
7.542184999999999861e-02
1.970293500000000197e-01
1.678467500000000168e-01
5.693519000000000219e+00
6.262571580000000360e+00
4.123725580000000335e+00
2.011423900000000042e+00
1.683274400000000171e+00
5.862365000000000492e-01
1.882220000000000559e-01
3.099385000000000057e-01
2.212144999999999806e-01
1.466419999999999668e-01
2.528689999999998994e-01
1.465495000000000547e-01
1.106430000000000052e-01
2.089515000000000400e-01
1.745194999999998275e-01
9.078700000000017312e-02
1.661484999999999490e-01
1.184995000000000354e-01
2.080405000000000448e-01
2.985485500000000236e+00
1.036675599999999919e+00
1.954106199999999516e-01
1.539483200000001661e-01
1.157461400000000667e-01
9.768286999999998832e-01
2.791684700000000241e+00
1.099077599999999988e+00
9.759829999999992955e-02
1.455995999999998847e-01
2.150236999999999288e-01
8.543660000000005694e-02
9.595600000000001351e-02
4.240499999999990111e-02
1.338290999999999786e-01
5.241770000000001845e-02
8.620499999999994833e-02
1.711679000000000950e-01
1.214363000000000248e-01
9.976819999999989030e-02
1.527754999999998975e-01
8.261999999999987410e-02
6.627560000000005946e-02
9.026670000000000527e-02
1.023025000000000323e-01
9.608749999999982583e-02
5.230799999999991706e-02
5.534150000000011976e-02
2.634110000000000618e-01
3.770510000000000805e-01
5.697964999999999280e-01
2.693830000000000391e-01
1.292440000000000810e-01
1.130930000000000130e-01
9.778250000000003606e-02
1.336360000000000325e-01
1.590219999999999412e-01
1.873059999999999725e+00
1.743304000000000187e+00
1.022383999999999959e+00
7.887489999999997003e-01
2.349209999999999354e-01
2.512104999999997812e-01
2.755829999999998559e-01
1.654535000000000311e-01
3.598910000000001275e-01
8.860850000000011772e-02
8.815850000000027831e-02
2.094079999999998165e-01
1.040330000000003613e-01
1.011384999999997841e-01
1.396019999999997541e-01
2.751854999999998608e-01
1.276776500000000203e+00
7.852885000000000559e-01
2.309440000000001492e-01
1.756494999999999862e-01
1.206070000000000197e-01
1.649660000000001681e-01
1.468340000000000201e-01
1.380749999999998645e-01
8.076900000000013236e-02
1.191620000000000318e-01
9.091250000000006271e-02
1.608445000000001124e-01
1.499974999999998948e-01
1.464609999999999801e-01
