FramewiseDisplacement
1.500595000000000678e-01
1.538155000000000494e-01
1.221849999999999742e-01
3.704899999999998472e-02
6.156500000000000861e-02
7.667649999999995303e-02
1.399480999999999919e-01
1.595856999999999970e-01
1.200084000000000289e-01
1.027092500000000297e-01
8.703164999999996043e-02
1.708628500000000106e-01
1.286404999999999910e-01
1.005388000000000392e-01
5.540354999999998198e-02
9.491289999999998062e-02
6.272230000000000860e-02
4.450284999999994801e-02
6.794719999999995763e-02
1.165607999999999922e-01
8.284365000000006030e-02
3.927457999999998256e-02
7.954302999999998680e-02
1.446343949999999712e-01
7.179324500000001941e-02
6.066404999999999020e-02
4.775269999999996046e-02
3.345520000000005989e-02
6.493494999999994965e-02
5.349909999999998000e-02
1.273718999999999824e-01
1.083116999999999969e-01
1.356527999999999623e-01
1.119201945000000004e-01
1.251393444999999438e-01
1.064897299999999908e-01
6.261261000000001298e-02
6.846732999999997904e-02
1.356705000000000272e-01
1.039004450000000079e-01
6.767570999999998616e-02
4.479425500000000504e-02
4.805470000000001962e-02
4.895534999999999470e-02
5.070279999999999232e-02
4.767255000000001491e-02
7.073495000000003252e-02
4.293999999999996431e-02
5.673200000000003240e-02
1.174433000000000282e-01
8.078239999999999033e-02
1.159761000000000125e-01
1.445072949999999801e-01
5.298149500000000345e-02
8.066169999999998896e-02
8.959389999999999021e-02
8.715805000000001468e-02
1.935116500000000073e-01
1.674662000000000095e-01
1.245513499999999496e-01
6.131189999999998863e-02
8.765894999999998549e-02
5.411800000000001332e-02
2.874144999999998090e-02
9.837640000000000273e-02
7.651420000000000443e-02
8.511930000000003660e-02
9.185740000000003347e-02
5.303639999999997662e-02
6.853664999999997676e-02
5.241634999999999350e-02
4.856234999999998331e-02
3.713779999999997083e-02
1.335326899999999817e-01
1.552803399999999889e-01
1.885690499999999881e-01
1.680155500000000135e-01
5.454055000000000014e-02
1.079510999999999804e-01
2.204430649999999381e-01
2.568512349999999556e-01
8.966338999999998172e-02
4.609987999999998892e-02
6.285586999999999425e-02
4.576489999999999725e-02
4.920840000000001324e-02
5.139214999999998368e-02
7.982250000000000456e-02
5.658955000000000235e-02
4.268084999999998547e-02
5.007874000000000353e-02
4.331872750000000799e-02
2.729386750000000611e-02
5.388069499999999928e-02
4.689494499999997262e-02
6.765980499999998954e-02
4.063453999999999677e-02
3.183451499999999379e-02
8.176562500000000844e-02
7.102565999999999047e-02
1.108658649999999940e-01
1.132971999999999868e-01
4.655100000000000904e-02
8.032554999999999557e-02
7.310528999999998945e-02
7.095490499999998479e-02
7.370157000000000791e-02
6.014811499999999506e-02
1.047851949999999976e-01
8.729687500000000988e-02
4.078699999999999687e-02
8.354509999999999714e-02
4.321189999999999060e-02
5.511674999999999214e-02
2.694339999999999929e-02
6.611037499999999900e-02
1.069454919999999892e-01
4.756749199999999594e-02
3.001719500000000346e-02
3.959798999999999958e-02
1.075833100000000014e-01
1.927789656499999948e-01
1.659057656500000089e-01
9.604821499999999235e-02
7.320567199999999941e-02
4.059051300000000168e-02
3.379535999999999651e-02
7.853976799999999592e-02
4.900793450000000273e-02
2.661667250000000068e-02
5.469107500000000566e-02
7.909853000000000023e-02
1.776574200000000103e-02
4.681745299999999499e-02
1.499670599999999854e-01
8.860392000000000268e-02
2.678463499999999761e-02
5.395053900000000568e-02
9.184026400000000478e-02
8.143563999999998970e-02
2.284722499999999532e-02
2.927298000000000400e-02
3.816553649999999270e-02
2.958356650000000185e-02
3.987105999999999983e-02
5.863040500000000349e-02
3.600299599999999545e-02
6.294904099999999725e-02
8.855395000000000627e-02
6.785160499999999539e-02
7.276233499999999743e-02
4.318243500000000512e-02
3.392487000000000280e-02
4.148082000000000158e-02
2.603900999999999785e-02
3.329300999999999788e-02
4.057174000000000197e-02
2.454904999999999934e-02
3.094034499999999757e-02
2.684921900000000056e-02
9.279080399999999063e-02
2.630156999999999634e-02
8.162420450000001937e-02
9.823621950000001324e-02
1.128808649999999969e-01
1.804764099999999760e-01
6.581258149999999474e-02
4.045615849999999875e-02
4.672743000000000729e-02
3.816934000000000299e-02
5.684577000000000380e-02
2.728492500000000154e-02
7.474071499999999924e-02
7.506750000000000922e-02
3.229714999999999669e-02
6.349657000000000218e-02
3.174400000000000832e-02
4.605507000000000351e-02
3.854673499999999864e-02
1.250403949999999986e-01
1.088713549999999891e-01
4.502301499999999956e-02
4.593485999999999403e-02
1.467584799999999967e-01
8.538767999999999359e-02
1.739019999999999802e-02
2.900155000000000788e-02
5.040457000000000271e-02
1.012303900000000034e-01
8.059279999999999222e-02
3.117852999999999944e-02
4.214218000000000131e-02
1.339950799999999886e-01
3.664852999999999861e-02
5.725319999999999715e-02
8.637013000000001717e-02
7.353094500000000033e-02
1.464880499999999738e-02
5.284101000000000076e-02
5.637863000000000596e-02
1.043193600000000137e-01
3.121954399999999907e-01
1.367374500000000104e-01
1.038923499999999805e-01
5.911070499999999672e-01
1.849197700000000111e-01
9.321798000000001971e-02
2.049303100000000044e-01
7.129900000000002902e-02
2.329320440000000048e-01
1.011141290000000109e-01
1.880647849999999566e-01
2.032235499999999750e-01
8.693639999999998313e-02
1.255062499999999859e-01
1.627025500000000013e-01
1.276287500000000685e-01
7.777380000000001792e-02
9.624169999999995784e-02
2.267523499999999359e-01
1.829683500000000573e-01
1.985695999999999850e-01
1.889395499999999839e-01
1.727827000000000113e-01
2.026274500000000145e-01
2.234885000000000621e-01
2.133830999999999922e-01
1.798333500000000307e-01
1.229244000000000170e-01
1.312532000000000143e-01
1.360746000000000178e-01
9.662005000000002675e-02
1.184206000000000147e-01
9.351550000000002916e-02
3.790759999999999963e-02
3.439109999999998002e-02
6.560760000000002978e-02
9.541579999999996731e-02
3.197949999999998710e-02
5.377350000000002267e-02
4.013809999999997519e-02
7.152000000000001412e-02
6.132149999999998713e-02
1.032106999999999747e-01
1.198765299999999673e-01
1.568029300000000070e-01
5.773090000000001554e-02
3.077921499999999311e-01
1.774236999999999898e-01
4.272884499999999863e-01
1.597642999999999702e-01
7.088020000000001819e-02
1.161495999999999917e-01
1.376056999999999975e-01
1.191762000000000238e-01
9.316440000000002220e-02
5.144489999999998786e-02
3.019990000000003991e-02
5.882450000000005730e-02
