FramewiseDisplacement
1.538505000000000011e-01
1.211670000000000247e-01
1.134056999999999843e-01
3.589354999999996854e-02
8.766124999999999612e-02
3.703620000000003298e-02
3.207515000000007999e-02
5.380655000000001548e-02
4.162750000000001172e-02
3.410000000000004000e-02
4.198654999999994197e-02
5.846630000000001964e-02
5.689145000000001007e-02
9.703149999999996500e-02
8.497699999999995535e-02
5.877534999999999704e-02
6.513659999999998895e-02
4.736120000000004077e-02
2.750579999999998651e-02
5.207854999999998041e-02
7.031410000000001825e-02
7.616330000000001710e-02
1.116393500000000122e-01
2.789609999999994455e-02
5.026110000000001687e-02
4.454200000000000520e-02
3.031214999999998216e-02
6.127055000000000695e-02
6.834175000000000666e-02
5.004695000000000671e-02
4.779664999999998221e-02
4.729160000000002390e-02
3.340229999999998894e-02
4.057045000000004259e-02
5.677235000000003390e-02
4.330824999999999259e-02
3.804599999999999649e-02
6.133420000000001926e-02
5.351525000000001420e-02
6.342059999999999365e-02
2.478020000000000916e-02
3.583245000000000180e-02
2.527069999999998623e-02
7.590900000000009792e-03
5.795230000000001908e-02
4.092415000000000636e-02
4.139930000000001387e-02
4.432095000000001173e-02
1.679084999999999606e-02
4.377224999999999172e-02
3.285184999999998801e-02
4.336820500000000689e-02
6.244385000000000213e-02
5.194890500000001049e-02
2.529814999999997066e-02
2.128864999999997148e-02
2.977305000000001964e-02
3.349396999999999791e-02
3.257782999999998819e-02
2.383224000000000106e-02
2.399085000000000453e-02
2.070817999999999270e-02
6.760021500000005547e-03
3.887435149999999423e-02
4.209589999999999860e-02
2.217894999999999589e-02
2.000656000000000656e-02
6.984334999999998461e-02
8.365749000000000102e-02
4.219159999999999577e-02
5.204690000000002092e-02
2.427585000000000159e-02
3.785900000000000376e-02
6.661515000000001185e-02
5.957695000000001045e-02
8.330576800000000226e-02
2.189084299999998623e-02
3.851141499999999329e-02
2.987085500000002600e-02
6.370299000000000100e-02
4.206834250000000830e-02
3.817815750000000397e-02
3.142392000000000796e-02
2.734134499999998913e-02
2.399134999999999462e-02
4.603480999999998852e-02
4.234949500000002864e-02
4.306215999999998129e-02
4.113652499999999324e-02
2.600262999999999880e-02
4.466789999999999650e-02
4.169172999999998935e-02
5.324053999999998898e-02
2.540040000000001394e-02
4.517637999999999515e-02
6.043631999999998783e-02
3.363430000000001280e-02
4.620287500000001130e-02
5.942176500000000139e-02
2.540499999999998315e-02
2.230704999999999494e-02
5.607470000000000510e-02
2.474915000000002183e-02
4.727970000000000089e-02
1.996119999999999839e-02
3.536280000000000673e-02
5.576629999999999088e-02
2.853900000000000187e-02
2.625809999999999950e-02
1.738204999999999611e-02
4.078729999999999856e-02
1.494498000000000180e-02
2.409096999999999628e-02
2.960187000000000235e-02
1.721935000000000132e-02
3.439570000000000127e-02
2.265057999999999655e-02
4.604561650000000422e-02
4.359523349999999686e-02
4.903680100000000486e-02
5.061333099999999752e-02
5.693283000000000371e-02
6.117625499999999883e-02
8.191972999999999616e-02
4.759578500000000850e-02
8.572784799999999539e-02
2.473282799999999837e-02
5.438020150000000275e-02
2.174778100000000075e-02
2.179611410000000318e-02
3.932988639999999980e-02
1.140013900000000184e-02
2.646660500000000416e-02
2.315766000000000005e-02
2.004274999999999807e-02
2.662707499999999658e-02
3.520236000000000198e-02
4.284992499999999704e-02
2.748160499999999923e-02
1.752191000000000165e-02
2.785146000000000149e-02
4.276142499999999874e-02
4.680221999999999161e-02
6.255592499999999834e-02
3.713162000000000407e-02
2.726021000000000000e-02
1.154488499999999779e-02
2.527079899999999657e-02
2.524237849999999908e-02
6.934887549999999012e-02
2.345522499999999622e-02
2.718879494999999757e-02
2.897653994999999441e-02
3.053631999999999527e-02
2.578724999999999767e-02
7.320710499999999454e-02
3.979180499999999954e-02
3.658555000000000140e-02
2.986956000000000333e-02
3.012860999999999664e-02
2.404799999999999993e-02
3.024329500000000337e-02
4.856691499999999523e-02
3.848611500000000823e-02
1.747099499999999611e-02
2.875602999999999840e-02
1.363245000000000082e-02
4.171567000000001024e-02
6.592623000000000233e-02
5.132753000000001703e-02
5.574445199999999989e-02
2.806730199999999883e-02
7.279389999999999472e-02
3.142924999999999885e-02
3.633170499999999886e-02
5.710659499999998223e-02
3.447682000000000524e-02
3.290371999999999741e-02
6.846971000000000307e-02
6.223100999999999633e-02
8.558116500000000071e-02
5.580595500000000431e-02
2.294386500000000079e-02
4.006708150000000412e-02
5.464579649999999622e-02
6.583374000000000170e-02
1.124697800000000053e-01
4.953625000000000389e-02
3.677990249999999600e-02
3.152780250000000728e-02
3.665808000000000261e-02
2.191412999999999348e-02
2.984835999999998699e-02
2.752588000000000257e-02
8.850002999999999342e-02
5.074129999999998919e-02
4.011315000000001407e-02
3.407285000000001562e-02
5.781959999999999877e-02
7.003208999999999129e-02
3.801490000000000424e-02
3.338735999999999093e-02
3.713768000000000624e-02
5.807032999999998946e-02
3.680647999999998865e-02
6.246795000000000819e-02
4.262215000000000448e-02
3.619849999999998069e-02
3.417419999999999486e-02
4.333550000000001290e-02
2.820925000000000515e-02
3.889984999999999971e-02
3.073240000000000346e-02
4.936580000000000135e-02
1.804069999999999285e-02
3.587005000000000748e-02
5.219395000000000284e-02
5.338849999999999846e-02
7.015694999999999570e-02
1.008091499999999863e-01
1.241053399999999945e-01
8.825951000000001323e-02
5.647090000000001830e-02
6.876340000000000230e-02
4.367979999999999779e-02
2.422970000000000679e-02
3.859599999999999143e-02
5.330209999999999115e-02
3.808390000000000386e-02
7.154220000000000024e-02
6.816815000000001068e-02
7.447070000000001466e-02
1.024525500000000172e-01
1.414023000000000363e-01
9.916364999999999208e-02
3.613839999999998720e-02
1.658100000000000199e-02
2.511280000000000456e-02
3.788144999999999707e-02
4.997019999999997852e-02
2.897504999999999178e-02
2.807404999999999623e-02
3.866095000000000642e-02
6.704739999999997924e-02
4.926889999999999742e-02
3.661215000000001690e-02
2.646904999999999050e-02
3.585440000000000849e-02
3.142929999999999335e-02
1.522259999999997157e-02
3.052989999999997789e-02
1.892375000000002389e-02
2.197415000000000479e-02
3.369779999999994446e-02
3.890730000000001965e-02
2.257905000000000675e-02
4.055564999999999864e-02
2.078720000000000567e-02
2.259955000000003073e-02
