FramewiseDisplacement
2.880349999999994720e-02
1.306329999999999436e-01
1.070480000000000459e-01
1.341355000000000186e-01
9.702400000000015179e-02
1.725124999999999298e-01
1.577639999999999598e-01
8.989249999999993079e-02
1.734184999999998367e-01
1.327050000000000451e-01
9.547500000000018472e-02
1.668064999999998299e-01
1.225479999999999348e-01
1.019285000000000052e-01
9.683400000000000896e-01
1.371548350000000083e+00
4.156419999999999559e-01
2.069974849999999811e-01
8.280948500000000212e-02
1.508744149999999840e-01
7.575360000000000427e-02
1.205208999999999725e-01
1.263168000000000346e-01
5.940105000000001079e-02
4.960943499999997952e-02
5.231930000000001996e-02
5.964665000000000245e-02
1.558190000000000408e-01
2.666561000000000625e-01
1.703249000000000291e-01
7.551259999999998529e-02
1.064228500000000271e-01
5.796039999999998138e-02
8.851234999999997577e-02
9.839760000000001561e-02
6.531650000000001344e-02
1.332053000000000265e-01
1.692985999999999935e-01
6.562149999999999928e-02
6.592919999999999336e-02
7.524240000000000095e-02
9.628365000000002616e-02
1.004517579999999910e+00
9.798754200000001635e-01
1.437165150000000002e+00
4.246993999999998937e-01
5.994515000000000260e-02
8.610719999999996710e-02
4.502650000000003178e-02
8.730945000000001066e-02
9.575204999999997746e-02
1.274871000000000199e-01
1.797176000000000051e-01
1.963419000000000136e-01
2.781320999999999932e-01
1.258514500000000036e-01
1.900616850000000357e-01
5.514147050000000050e-01
3.130766099999999219e-01
1.876764499999999392e-01
1.242054500000000089e-01
1.586967499999999698e-01
1.014279249999999605e-01
6.393157500000001825e-02
9.832710000000001449e-02
1.253127500000000005e-01
5.210470000000001073e-02
4.821386499999999464e-01
5.322281500000000110e-01
9.560275000000001411e-02
2.362340399999999785e-01
7.672804000000002511e-02
1.376400899999999927e+00
1.011480700000000121e+00
3.730339599999999978e-01
1.231860999999999789e-01
1.047389399999999748e-01
1.162108800000000025e-01
1.179289300000000013e-01
1.307211899999999871e-01
1.169437799999999972e-01
6.715957999999999650e-02
5.511458999999999803e-02
6.725538999999999823e-02
5.110975000000000240e-02
1.039220800000000139e-01
4.020113000000002240e-02
6.846399000000000235e-02
1.254388900000000251e-01
9.315908000000000522e-02
5.230842000000000824e-02
8.313890999999998255e-02
1.693528399999999767e-01
9.518053999999999404e-02
1.121063750000000026e+00
6.006586000000000425e-01
8.180849999999999234e-02
2.838834199999999974e-01
1.325971199999999850e-01
1.440053500000000042e-01
1.747222900000000023e-01
1.436187999999999909e-01
9.025177000000000893e-02
1.158356699999999739e-01
1.684561799999999832e-01
1.366934699999999836e-01
3.439398790000000039e-01
2.357539190000000062e-01
2.431410500000000252e-01
6.532349500000000919e-01
1.700445166999999813e-01
1.062365207000000172e-01
8.266211000000001086e-02
6.520070999999999506e-02
6.345130999999999688e-02
4.621097000000000399e-02
8.749735999999999625e-02
1.368654199999999876e-01
1.618324650000000087e-01
5.972315500000001387e-02
1.387849400000000233e-01
1.339798799999999956e-01
1.251029290000000016e-01
1.834771359999999851e-01
2.407449100000000342e-01
1.468710729999999909e-01
6.778209300000000159e-02
7.302989000000000008e-02
8.214633999999999825e-02
7.905821600000000060e-02
4.867175399999999763e-02
9.362275999999999931e-02
5.801553099999999519e-02
1.329314839999999887e-01
7.452448000000000405e-02
5.939495999999999665e-02
1.033177950000000039e-01
4.947361500000000550e-02
8.460186999999999569e-02
9.311402200000000462e-02
9.604376200000000474e-02
9.876098999999999295e-02
7.233901999999999000e-02
5.455171999999999799e-02
1.916484900000000047e-01
2.592653400000000108e-01
9.700826000000001281e-02
1.330927800000000216e-01
1.635441799999999835e-01
1.344882149999999943e-01
1.171577649999999970e-01
5.373414999999998748e-02
9.986707999999998309e-02
1.014356700000000056e-01
7.182209000000000509e-02
7.048817999999999750e-02
1.557485329999999946e-01
2.999925529999999951e-01
4.497389949999999748e-01
1.874184815000000004e+00
4.043458600000000014e-01
7.702239491999999244e-01
2.988340091999999726e-01
8.591606000000000243e-02
5.204855999999998678e-02
1.526569499999999857e-01
1.401187499999999586e-01
6.543128999999996143e-02
1.631481899999999985e-01
1.513454400000000255e-01
8.979232000000000880e-02
1.225747900000000168e-01
7.636080999999997343e-02
9.295364000000001792e-02
1.075570400000000620e-01
8.509942999999997593e-02
8.674188000000000731e-02
1.430333000000000021e-01
1.365640899999999991e-01
3.409187000000003798e-02
7.373405500000003443e-02
1.222878250000000028e-01
5.570168999999995652e-02
1.078288060000000270e-01
2.531211340000000254e-01
1.034021650000000181e-01
2.326074919999999990e-01
3.908278870000000405e-01
1.988637559999999749e-01
1.698957940000000166e-01
3.083575000000001592e-02
1.580657700000000221e-01
1.721613500000000185e-01
1.009368761000000309e-01
1.534615538999999917e-01
1.798079700000000114e-01
5.560444999999999971e-02
1.132172600000000418e-01
6.302798000000001122e-02
1.172027789999999930e-01
1.364859189999999833e-01
1.006076299999999896e-01
1.046699799999999819e-01
6.864672999999996139e-02
1.039929700000000179e-01
1.550362750000000289e-01
1.614520720000000298e-01
1.369775270000000156e-01
8.962116500000001651e-02
2.224323549999999983e-01
9.161589100000000485e-01
1.209506200000000087e+00
3.363346299999999678e-01
3.880660699999999852e-01
1.434494500000000061e-01
1.774805499999999869e-01
5.253180000000000349e-02
2.738113500000000089e-01
1.137859099999999624e-01
1.221635400000000010e-01
2.039692699999999803e-01
5.303153000000004197e-02
1.629313899999999538e-01
1.123889550000000126e-01
1.684067500000000217e-01
1.166316149999999385e-01
3.079543499999998768e-01
2.727897399999998362e-01
5.779728999999989014e-02
2.270502200000000803e-01
1.035727400000000242e-01
9.679631999999997738e-02
9.612559499999999424e-02
2.943560450000000661e-01
3.683324300000000995e-01
1.446925310000000131e+00
7.828559499999999671e-01
4.515297249999998819e-01
1.253624199999999467e-01
1.869461199999998824e-01
4.365198449999999619e-01
4.840890450000000511e-01
7.845791249999999328e-01
1.033131580000000049e+00
1.809404610000000080e+00
4.972131400000000534e-01
6.025348499999998442e-01
3.698591999999999991e-01
3.455841000000000052e-01
9.592162999999999107e-01
4.585654499999998746e-01
9.857150000000004797e-02
8.119135499999999839e-01
2.373050500000000729e-01
5.017782999999998994e-01
9.549935000000005225e-02
9.800109999999985499e-02
1.206182499999999824e-01
1.324627000000000721e-01
