FramewiseDisplacement
1.114640000000000075e-01
1.040790000000001297e-01
1.267755000000000687e-01
7.876100000000013646e-02
7.763449999999998130e-02
8.372299999999992248e-02
9.139300000000002977e-02
1.062994999999999635e-01
1.164979999999999072e-01
9.185150000000005810e-02
8.910250000000022319e-02
1.041589999999999183e-01
1.023389999999999578e-01
1.197094999999998577e-01
1.027690000000002768e-01
8.394500000000001960e-02
1.473494999999998278e-01
9.678750000000017895e-02
7.445749999999989877e-02
3.182890000000002106e-01
2.151094999999998703e-01
2.264490000000000669e-01
8.146250000000020142e-02
6.373300000000023391e-02
1.372504999999998310e-01
1.819365000000001120e-01
2.251994999999999691e-01
1.815360000000001417e-01
7.018900000000015404e-02
9.266250000000005038e-02
9.333700000000014207e-02
1.411135000000000861e-01
8.902499999999993752e-02
1.262500000000000289e-01
9.074150000000004435e-02
7.979650000000006183e-02
8.218900000000006756e-02
9.133450000000006841e-02
1.443950000000000511e-01
1.758089999999999098e-01
1.269904999999998674e-01
1.370135000000000380e-01
1.334640000000001658e-01
1.133280000000000398e-01
5.289299999999993313e-02
9.415399999999998770e-02
9.497499999999998999e-02
1.501069999999999627e-01
8.999249999999994754e-02
9.857649999999999746e-02
1.279884999999999773e-01
8.816849999999994136e-02
1.189649999999999597e-01
8.374700000000004363e-02
1.351870000000001126e-01
8.156799999999997386e-02
1.055354999999999210e-01
1.111875000000000641e-01
1.246489999999999543e-01
1.295034999999999936e-01
8.027499999999999913e-02
8.833900000000001473e-02
1.355700000000000793e-01
1.330710000000000781e-01
8.104150000000003018e-02
1.155085000000000139e-01
1.946205000000000018e-01
1.212099999999999428e-01
1.466009999999999813e-01
6.793050000000000477e-02
7.061199999999999422e-02
9.207700000000010321e-02
1.312464999999999604e-01
1.526730000000000309e-01
7.316150000000000431e-02
1.210909999999999487e-01
1.042705000000000298e-01
5.895100000000001728e-02
1.306179999999999286e-01
1.287874999999999992e-01
5.113499999999995826e-02
8.249650000000001426e-02
9.355049999999995314e-02
1.102885000000000254e-01
1.662555000000000283e-01
1.524124999999999786e-01
1.515544999999999254e-01
1.001194999999999447e-01
1.146599999999999564e-01
1.273987000000000036e-01
9.848669999999999647e-02
9.454350000000005805e-02
9.283539999999999848e-02
1.105214000000000057e-01
8.830220000000002512e-02
1.095547000000000049e-01
4.044999999999965290e-03
1.268881500000000051e-01
1.170884000000000508e-01
6.798290000000001276e-02
1.009077999999999919e-01
9.728400000000003711e-02
7.956460000000001309e-02
7.698389999999995237e-02
7.703174999999999606e-02
5.047844999999999416e-02
1.105268999999999974e-01
7.977850000000002995e-02
9.185625000000001428e-02
1.207260399999999789e-01
7.516479000000000910e-02
7.637286000000000075e-02
1.167149600000000342e-01
5.051285000000001191e-02
7.118170000000000053e-02
8.451950000000001129e-02
6.317139000000000781e-02
1.053355799999999981e-01
9.022378000000000342e-02
6.356616999999997741e-02
9.116697499999998344e-02
8.953094500000000067e-02
1.162708000000000075e-01
1.120203700000000080e-01
1.087882900000000097e-01
7.544275999999999760e-02
1.286904849999999934e-01
1.023115849999999966e-01
1.149129349999999938e-01
8.454960920000000046e-02
9.374297080000000559e-02
1.229459715000000009e-01
9.165308650000000834e-02
7.299491000000001006e-02
5.263496999999999620e-02
4.743173000000000528e-02
1.172381499999999993e-01
1.108265800000000079e-01
4.577404999999999669e-02
8.161488000000001464e-02
1.045533999999999908e-01
6.231030000000001290e-02
5.830734999999999391e-02
1.109630999999999951e-01
1.033721999999999835e-01
1.106370500000000145e-01
9.545890000000001319e-02
1.290687499999999543e-01
1.083714499999999803e-01
4.376260000000000566e-02
7.817380000000000162e-02
1.221896999999999567e-01
7.126479999999998927e-02
1.033405499999999755e-01
6.697184999999999944e-02
5.944470000000000309e-02
1.038573499999999594e-01
9.361755000000000770e-02
8.609844999999997917e-02
1.520135000000000236e-01
1.266985500000000209e-01
1.475573500000000315e-01
4.932514999999999539e-01
3.266695000000000015e-01
1.167234999999999384e-01
1.252640000000000142e-01
1.373195000000000110e-01
1.593674999999999675e-01
9.985799999999997456e-02
9.189199999999995983e-02
8.374800000000003075e-02
8.780400000000007643e-02
1.234424999999999550e-01
7.635350000000008797e-02
1.854910000000000170e-01
1.061680000000000124e-01
1.081009999999999888e-01
1.316829999999999945e-01
1.340995000000000936e-01
1.049699999999999800e-01
1.325845000000001050e-01
1.557105999999999768e-01
1.693025999999999698e-01
7.143650000000001388e-02
8.520299999999997320e-02
1.242840000000000611e-01
1.136764999999999859e-01
1.109350000000000752e-01
1.426945000000000574e-01
1.079050000000000425e-01
1.187644999999999673e-01
1.439004999999999868e-01
8.567649999999991939e-02
7.868850000000003619e-02
6.867450000000004107e-02
9.091850000000004095e-02
7.310849999999999294e-02
1.098714999999999276e-01
1.124604999999999910e-01
1.518214999999999704e-01
9.958950000000012237e-02
1.588690000000000935e-01
8.680550000000009092e-02
8.429150000000001919e-02
9.367050000000010090e-02
1.312415000000000109e-01
8.866900000000003945e-02
1.337934999999999541e-01
4.616799999999988968e-02
9.734649999999986369e-02
6.691950000000004839e-02
7.757649999999990942e-02
9.826150000000014040e-02
1.107845000000000080e-01
1.084850000000000259e-01
1.495894999999998753e-01
6.204799999999996429e-02
7.700300000000001588e-02
1.042065000000000768e-01
1.153564999999999313e-01
9.156949999999999812e-02
1.072764999999998303e-01
1.184769999999999435e-01
8.020400000000013629e-02
6.175150000000000777e-02
8.608249999999993685e-02
1.059810000000001307e-01
1.254374999999998963e-01
1.118154999999999843e-01
1.149145000000000305e-01
7.981599999999999806e-02
1.014939999999999454e-01
1.448870000000000158e-01
9.025199999999997114e-02
5.936650000000001648e-02
1.325695000000000068e-01
7.131450000000011391e-02
1.013145000000001128e-01
1.354220000000000423e-01
1.435774999999999413e-01
1.173809999999999992e-01
5.845750000000001639e-02
1.111204999999998999e-01
7.157449999999997148e-02
1.184150000000000619e-01
1.040940000000000337e-01
1.050190000000001539e-01
8.325549999999998230e-02
7.266399999999989534e-02
1.524525000000000463e-01
1.551690000000000846e-01
1.270074999999999676e-01
1.309054999999998692e-01
1.571224999999998873e-01
1.595579999999998666e-01
1.011124999999999385e-01
1.102290000000002296e-01
9.723549999999994697e-02
1.278945000000002163e-01
