FramewiseDisplacement
1.594205000000000205e-01
1.320065500000000280e-01
4.394319999999998783e-02
1.326478999999999853e-01
2.033753999999999840e-01
2.149148499999999906e-01
1.912533650000000085e-01
1.615300149999999990e-01
1.960248700000000177e-01
2.107893200000000022e-01
6.857934999999996950e-02
7.906129999999998714e-02
5.461610000000002157e-02
6.014479999999997745e-02
1.097102499999999953e-01
1.993104799999999566e-01
1.591779799999999967e-01
4.396875000000005640e-02
6.442975000000003560e-02
4.909110000000003332e-02
5.971024999999999250e-02
5.012754999999999295e-02
1.147299499999999556e-01
4.848245000000001720e-02
5.037319999999999992e-02
3.745464999999997824e-02
7.684630000000000627e-02
5.396645000000001302e-02
7.962170000000001746e-02
4.295465000000001088e-02
7.810089999999997312e-02
4.437044999999999878e-02
1.286122999999999572e-01
1.168083500000000191e-01
8.590794999999996906e-02
1.174343999999999943e-01
1.037921499999999997e-01
3.195629999999997223e-02
6.896985000000001309e-02
6.244739999999998625e-02
1.310590999999999839e-01
1.499784500000000409e-01
9.555435000000001011e-02
7.473269999999999913e-02
1.377595999999999543e-01
7.727195000000003366e-02
4.360859999999998349e-02
1.894100000000001338e-02
3.311619999999999842e-02
1.900880000000000278e-02
5.668910000000002003e-02
5.699925000000002212e-02
2.636360000000000092e-02
5.497884999999998190e-02
6.338809999999997502e-02
3.635620000000001212e-02
4.681014999999998788e-02
3.341684999999999794e-02
4.157750000000001722e-02
4.114934999999999427e-02
3.875224999999998809e-02
3.737539999999999613e-02
3.166129999999998945e-02
7.449810000000001153e-02
3.314860000000000723e-02
2.870544999999999694e-02
4.476470000000000449e-02
2.641750000000001736e-02
5.843959999999998739e-02
4.789029999999999676e-02
5.119064999999997645e-02
5.090294999999998155e-02
4.335079999999999489e-02
1.589280000000001594e-02
5.013159999999998451e-02
2.377475000000000074e-02
3.576440000000000174e-02
3.643560000000001242e-02
8.337395000000001610e-02
6.975819999999997856e-02
4.634380000000000444e-02
3.273710000000002590e-02
2.252600000000000435e-02
6.476194999999998481e-02
4.290655000000001551e-02
2.968604999999999855e-02
4.035099999999999104e-02
3.747014999999997986e-02
7.452050000000000340e-02
6.443679999999998853e-02
1.283093400000000217e-01
1.439130399999999921e-01
6.835478950000001275e-02
6.024508450000001097e-02
3.897863500000001147e-02
1.641147999999999565e-02
5.601049500000000042e-02
5.961452499999999460e-02
6.624965700000000346e-02
5.469467299999999921e-02
8.559452000000002114e-02
5.117669999999999858e-02
3.084229999999999611e-02
2.877967000000000719e-02
4.863677999999999751e-02
5.926264000000000531e-02
6.925583999999999907e-02
5.398033000000000692e-02
5.224644999999999290e-02
1.236090799999999823e-01
1.103067499999999951e-01
3.739140500000000256e-02
1.473345499999999947e-02
6.426284000000000163e-02
2.679698999999999970e-02
4.376473000000000169e-02
3.939133000000000218e-02
4.077435000000000087e-02
1.342273999999999967e-01
1.254995500000000153e-01
3.819799000000000111e-02
5.167384999999999340e-02
5.475072999999999052e-02
1.689175000000000051e-02
4.899086500000000843e-02
3.199549499999999880e-02
6.943210000000000007e-03
3.507570499999999869e-02
3.322752499999999387e-02
4.019405000000000200e-02
1.251722600000000074e-01
1.069113289999999855e-01
8.612161900000001036e-02
6.593110000000000637e-02
1.532756500000000133e-01
8.046457999999999389e-02
3.455322999999999728e-02
3.141484000000000637e-02
1.260554500000000099e-02
3.865566999999999614e-02
4.071434500000000595e-02
2.766180000000000028e-02
4.006968000000000335e-02
2.322964000000000279e-02
5.228095900000000185e-02
1.677327900000000205e-02
3.524551999999999546e-02
3.199694000000000149e-02
4.221754000000001172e-02
2.303681999999999605e-02
4.288919999999998844e-02
7.198124999999999662e-02
7.965432999999999542e-02
1.110849799999999998e-01
5.688445999999999780e-02
1.567192000000000238e-02
2.618650999999999618e-02
2.588916000000000828e-02
5.909002000000000698e-02
5.121925999999998869e-02
7.084273999999998739e-02
4.099851000000000190e-02
4.986962000000000339e-02
5.467400000000000038e-02
5.141703000000000245e-02
7.550100999999999341e-02
4.298160999999999649e-02
4.476014999999999855e-02
4.933493999999999380e-02
4.591340999999998784e-02
4.926786000000001053e-02
3.905361999999999029e-02
2.893324999999999717e-02
1.742750000000000896e-02
6.441686000000000634e-02
3.906576999999997885e-02
3.156966999999999413e-02
4.560928999999998984e-02
2.626118999999998982e-02
7.272248000000000601e-02
3.595939999999998860e-02
3.569203000000001347e-02
2.577703000000001327e-02
4.481970999999997790e-02
4.578042000000000916e-02
4.320701000000000402e-02
6.225191000000000752e-02
8.094626999999998684e-02
2.419639999999999985e-02
6.103168999999998567e-02
5.978858399999999879e-02
1.162237640000000072e-01
8.101872999999999714e-02
6.240247999999999629e-02
4.362198000000000464e-02
3.377118999999999954e-02
3.625702999999999565e-02
3.254829000000001443e-02
4.369043000000001620e-02
4.880258000000001206e-02
4.560945199999998784e-02
5.848628800000001127e-02
7.681269999999999765e-02
4.696320000000001743e-02
3.971695000000000086e-02
1.031119599999999886e-01
8.300961000000001144e-02
1.936880000000001587e-02
6.890943999999998848e-02
3.630641999999999897e-02
6.522163000000001654e-02
7.584179000000002002e-02
7.211168999999997831e-02
2.495048000000001098e-02
2.544166999999999262e-02
2.881829999999999462e-02
6.194200000000012543e-03
2.063560000000001088e-02
1.919670000000001792e-02
4.036763999999999630e-02
4.213924000000000142e-02
4.120630000000000126e-02
3.075610000000000149e-02
7.107292000000001164e-02
3.925262000000000195e-02
4.184739999999999988e-02
4.379049999999999609e-02
2.754860000000001682e-02
3.179809999999999581e-02
4.272880000000000428e-02
3.610610000000000208e-02
7.719215999999999578e-02
1.645326000000000427e-02
4.987420000000000048e-02
4.128999999999999337e-02
5.273379999999999734e-02
5.677099999999998120e-02
6.035030000000000255e-02
1.052616999999999858e-01
5.579410000000001313e-02
7.574549999999996563e-02
6.367449999999998111e-02
8.347020000000000828e-02
5.321550000000002667e-02
1.844009999999999053e-02
1.944550000000001139e-02
6.165979999999997296e-02
7.448780000000000678e-02
3.614160000000000289e-02
9.245299999999987556e-03
2.949510000000000326e-02
7.581659999999998401e-02
3.527259999999998730e-02
5.465859999999998775e-02
3.802160000000001649e-02
5.676759999999998751e-02
3.160839999999999483e-02
5.601160000000000860e-02
3.389450000000002183e-02
