FramewiseDisplacement
1.336998500000000090e-01
1.050069499999999739e-01
4.376505000000002060e-02
1.410601000000000771e-01
1.625282000000000115e-01
5.650479999999998004e-02
5.683434999999998488e-02
7.422945000000000237e-02
4.914840000000000181e-02
2.841835000000001929e-02
3.346079999999992255e-02
6.095679999999999849e-02
2.347439999999999943e-02
2.346214999999996637e-02
4.750594999999996348e-02
1.351952999999999627e-01
1.751305999999999974e-01
9.997275000000004075e-02
5.365955000000001418e-02
1.300113999999999714e-01
7.419949999999995993e-02
8.417289999999999495e-02
1.940578499999999762e-01
7.093215000000001325e-02
1.687114999999999587e-01
1.224938500000000013e-01
9.413095000000007428e-02
4.450125000000003384e-02
9.927589999999993087e-02
1.317798499999999762e-01
1.370249500000000342e-01
6.640892000000001016e-02
9.124636999999999332e-02
4.108090000000003128e-02
9.023916000000002657e-02
6.243256499999997461e-02
3.984348999999998142e-02
8.878570999999998992e-02
1.405144700000000302e-01
5.346135000000001858e-02
9.509740000000002635e-02
4.369060000000000998e-02
8.190768500000002172e-02
8.391639000000000737e-02
1.257719399999999710e-01
1.648387300000000166e-01
1.377665549999999850e-01
1.944702249999999966e-01
1.091469049999999885e-01
1.042546549999999739e-01
1.383637499999999521e-01
5.478299999999999836e-02
1.287435049999999803e-01
5.517879999999995844e-02
4.074470000000001563e-02
3.034110000000000279e-02
2.987889999999999296e-02
5.805739499999998388e-02
6.302349500000001270e-02
5.150530000000001773e-02
6.213449999999999529e-02
3.314815499999999859e-02
9.545725499999999086e-02
6.376890000000000336e-02
7.112495500000000359e-02
7.526140000000000607e-02
7.772604999999999098e-02
4.349460000000000132e-02
1.361085999999999963e-01
6.808730000000000337e-02
6.285294999999999077e-02
5.619874999999997095e-02
7.066644999999999177e-02
6.996120000000002892e-02
1.155541500000000221e-01
8.847525000000000528e-02
3.397069999999998563e-02
1.230330999999999925e-01
6.881250000000001255e-02
5.106120000000000797e-02
2.244777500000000314e-02
6.348032500000000411e-02
4.547789999999999472e-02
8.640929999999999445e-02
1.244830499999999840e-01
6.911058999999999952e-02
1.266923899999999881e-01
1.056192400000000031e-01
6.072574000000001415e-02
8.310015999999999237e-02
7.774330999999998215e-02
7.218045000000000710e-02
9.469183999999998547e-02
3.508301000000001169e-02
2.155162499999998746e-02
5.928861500000001672e-02
7.154449000000001613e-02
6.846998999999999447e-02
1.154311237720000022e-01
1.371372337719999890e-01
1.317492299999999950e-01
1.255631899999999912e-01
8.057027000000001327e-02
7.361413999999999458e-02
7.045085000000000930e-02
1.570693800000000084e-01
1.401252900000000134e-01
8.106724999999997960e-02
2.676541999999999810e-02
9.133203000000000849e-02
5.704766999999999477e-02
4.540048000000000694e-02
8.360637999999999403e-02
7.763751000000000679e-02
5.772673500000000124e-02
2.347115500000000743e-02
5.162869999999999959e-02
3.715195999999999776e-02
4.591503999999999724e-02
1.306882199999999938e-01
5.533038150000000460e-02
6.103173850000000872e-02
5.706521999999999983e-02
6.932904999999998930e-02
4.566726599999999803e-02
9.996227600000000268e-02
6.324789999999999579e-02
4.530797500000000033e-02
9.552745499999999723e-02
5.138642300000000052e-02
6.634983299999999695e-02
8.876304500000001263e-02
6.508075500000000402e-02
8.692600999999999800e-02
7.156453999999999593e-02
1.123445600000000100e-01
1.464067850000000115e-01
1.476491249999999922e-01
1.533998249999999897e-01
1.234658549999999994e-01
1.027443350000000061e-01
3.691769500000000037e-02
5.747243999999999270e-02
6.247759999999999425e-02
1.582724700000000262e-02
3.640924699999999875e-02
5.320766000000001078e-02
7.677107000000001069e-02
7.272805999999999715e-02
5.330031699999999290e-02
2.843621699999999974e-02
5.405145000000000088e-02
2.427434699999999473e-02
4.994527300000000530e-02
3.473503999999999481e-02
9.191925999999998875e-02
1.550164500000000001e-01
9.726942999999999007e-02
5.791212999999999222e-02
5.822641000000000622e-02
6.111266000000000614e-02
6.189711899999999350e-02
1.324974040000000131e-01
1.064683250000000025e-01
5.101332199999999983e-02
3.062742200000000484e-02
7.972782999999998566e-02
6.871274999999998911e-02
5.233115500000000420e-02
4.713764000000001536e-02
9.544568500000001621e-02
1.456315600000000210e-01
9.061837500000000101e-02
1.519194050000000074e-01
1.932994299999999943e-01
6.727090000000000847e-02
4.585812999999999001e-02
6.370700000000030332e-04
4.985774999999999235e-02
7.979284999999999850e-02
8.044201000000000823e-02
9.736080999999999208e-02
9.999912999999999164e-02
1.240851849999999867e-01
1.462490550000000167e-01
1.557285700000000106e-01
5.338673000000000030e-02
5.786068000000001155e-02
6.273882000000000070e-02
7.739560999999998969e-02
9.958556999999999826e-02
2.022364100000000331e-01
1.507888850000000391e-01
1.535091049999999790e-01
1.261689400000000072e-01
8.914049000000000278e-02
1.021397850000000107e-01
1.031877500000000086e-01
1.064424050000000038e-01
1.184790399999999938e-01
4.552950999999999526e-02
7.375297999999999576e-02
3.409416999999999309e-02
8.866420499999999594e-02
7.943881200000002529e-02
4.146650800000000608e-02
7.256275400000000708e-02
6.354425899999999183e-02
7.047374000000000693e-02
7.533521499999998317e-02
1.258709900000000159e-01
1.295271849999999891e-01
4.808721000000001217e-02
7.207619499999998181e-02
1.239094949999999806e-01
1.227617500000000028e-01
8.681317999999998980e-02
1.642492700000000028e-01
2.316483000000000292e-01
9.615940499999997559e-02
9.759780499999999581e-02
4.690295000000000575e-02
1.022606999999999960e-01
1.248857699999999793e-01
8.769939999999998292e-02
6.796605000000000008e-02
1.109412499999999774e-01
5.583930000000000143e-02
1.668231000000000297e-01
2.461024339999999810e-01
4.218931600000000448e-02
1.503949199999999597e-01
1.252075799999999850e-01
9.925066999999998529e-02
7.977124500000000451e-02
6.010365999999999626e-02
5.285731399999998165e-02
1.155565239999999660e-01
1.072168749999999754e-01
3.436978000000000949e-02
6.782502000000001363e-02
9.877574999999998162e-02
6.346949999999998426e-02
2.544567100000000304e-01
3.056329500000000143e-01
6.690778000000000003e-02
1.134855199999999648e-01
1.741329999999999545e-01
1.504965850000000160e-01
8.225841499999997364e-02
7.340732499999999550e-02
7.897583500000000811e-02
1.518822899999999754e-01
1.360391599999999923e-01
6.308010499999999743e-02
7.899216599999996091e-02
1.001791490000000368e-01
7.674241999999999175e-02
1.122676650000000026e-01
