FramewiseDisplacement
8.885449999999997517e-02
4.736200000000002908e-02
5.211800000000001848e-02
8.815950000000005726e-02
1.462120000000000086e-01
1.121016999999999986e-01
8.497169999999998335e-02
7.053454999999990427e-02
1.814035000000012790e-02
6.192430000000005708e-02
3.981765000000011406e-02
1.063695500000000627e-01
4.534099999999999242e-02
7.764050000000002894e-02
4.898029999999999884e-01
1.751980000000001036e-01
1.466854500000000172e+00
1.150439050000000130e+00
1.447713500000000486e-01
7.063838499999987308e-02
9.890988499999997519e-02
6.256245000000000556e-02
8.942295000000002880e-02
1.837398499999999824e-01
1.747585500000000125e-01
9.915929999999999189e-02
6.896704999999993257e-02
9.117746500000004084e-02
4.848531499999995248e-02
8.196804999999998675e-02
6.006765000000000021e-02
1.556386000000000713e-01
8.143809999999995775e-02
8.507110000000002448e-02
6.825539999999995222e-02
4.276270000000004928e-02
4.363560000000005212e-02
3.961399999999992705e-02
2.491440000000004484e-02
1.202695000000000430e-01
2.391781499999999783e-01
3.112113500000000532e-01
3.375707000000000568e-01
2.361458000000000168e-01
9.573070000000000190e-02
5.081540000000006607e-02
1.675804999999999101e-01
1.465641000000000305e-01
9.191560000000000008e-02
4.450170000000000514e-02
1.258047999999999389e-01
9.492940000000003875e-02
7.743829999999994607e-02
6.762619999999996967e-02
5.049889999999989526e-02
3.440370000000006478e-02
5.242320000000008640e-02
1.111221000000000014e-01
9.099539999999994855e-02
8.833539999999989734e-02
1.113543999999999090e-01
5.247249999999999137e-02
6.825949999999993134e-02
9.141259999999996888e-02
4.867839999999995504e-02
9.370459999999994349e-02
4.754350000000001630e-02
7.978279999999998706e-02
6.780290000000006867e-02
4.763539999999991115e-02
5.277849999999999903e-02
5.628189999999996113e-02
7.070399999999996132e-02
7.510429999999998496e-02
6.301609999999994993e-02
7.123909999999991638e-02
1.193901199999999996e+00
1.345501210000000114e+00
2.194860399999999934e-01
6.920186999999999866e-02
6.769092000000001552e-02
7.192548999999999471e-02
9.597245000000000081e-02
6.007790500000000783e-02
8.382519500000000512e-02
7.282470000000000609e-02
2.745752000000000609e-02
3.794981000000001437e-02
5.511703580000000546e-02
3.457676580000000610e-02
4.487996499999999389e-02
3.444842499999999086e-02
3.940781499999999188e-02
4.894237500000001018e-02
4.241752000000000022e-02
2.719206999999999874e-02
5.124874000000000096e-02
3.723771000000000025e-02
3.560346000000000344e-02
5.489669500000000230e-02
4.932449500000000986e-02
7.971370999999999318e-02
7.866455999999999449e-02
6.061636999999999581e-02
2.898638500000000687e-02
4.775453499999998686e-02
6.173143999999999854e-02
4.366236999999999202e-02
3.829399999999999471e-02
6.333049999999999791e-02
4.800722999999999796e-02
4.769244999999999735e-02
4.574417000000000066e-02
5.214203950000000087e-02
6.064939550000000845e-02
4.362228499999999676e-02
1.057159950000000209e-01
7.972832500000000266e-02
3.493924699999999273e-02
4.540272799999999637e-02
6.928297500000001052e-02
4.995855000000001128e-02
6.079212500000000241e-02
2.706379999999999897e-02
6.889832499999999638e-02
1.079953000000000163e-02
2.214794299999999980e-02
3.568314200000000103e-02
4.168916499999999331e-02
7.063643000000000005e-02
7.176574499999999190e-02
3.735768050000000118e-01
1.327757450000000006e-01
4.781920000000000615e-02
8.922998500000001165e-02
7.890315999999999996e-02
3.772870999999999864e-02
7.516046500000000963e-02
5.729052500000000880e-02
4.110709999999999364e-02
6.500002500000000294e-02
1.967232999999999829e-02
7.999162499999999676e-02
4.022351500000000135e-02
4.091298000000000851e-02
9.912540499999999977e-02
1.090679250000000100e-01
3.152570999999999846e-02
9.698381499999998712e-02
5.840535000000001559e-02
4.820829999999999560e-02
4.690211999999999853e-02
3.271750500000000783e-02
3.793901000000000912e-02
6.098301499999999459e-02
8.106370000000000242e-02
6.265292500000001208e-02
1.172844550000000097e-01
1.304276400000000113e-01
1.374123499999999887e-01
6.410179999999998657e-02
2.965025199999999916e-01
1.461648220000000276e+00
4.447837849999999982e+00
1.085199100000000083e+00
2.965288199999999708e-01
1.341021799999998487e-01
1.495515999999998957e-01
5.232039999999997526e-02
2.040992999999999835e-01
1.272622000000000475e-01
1.895702999999998584e-01
3.388190000000007585e-02
9.489970000000012840e-02
4.489440000000007730e-02
1.849198000000000230e-01
4.361620000000003550e-02
1.221306999999998699e-01
5.353449999999972120e-02
1.926374000000000697e-01
8.442649999999983501e-02
1.012819999999998027e-01
9.907040000000028046e-02
7.977850000000015485e-02
1.024753999999999110e-01
4.991044399999999825e+00
7.648952799999999996e+00
1.226634999999999476e+00
1.856846500000000066e+00
5.447800000000000420e-01
3.079825000000001034e-01
1.714705000000003032e-01
2.568984999999994745e-01
1.701634999999997178e-01
3.951875000000001359e-01
2.010130000000001638e-01
1.889515000000003275e-01
1.387029999999994656e-01
2.725009999999998822e-01
1.209734999999998173e-01
9.664350000000022922e-02
1.106269999999998643e-01
1.478720000000003088e-01
1.754045000000007126e-01
1.565474999999999783e-01
1.106504999999999850e-01
7.029599999999931736e-02
5.391099999999998671e-02
1.829039999999997890e-01
1.331875000000001252e-01
7.277949999999917818e-02
6.423449999999950033e-02
1.550555000000007899e-01
1.447115000000002982e-01
9.785249999999945381e-02
1.031215000000003795e-01
6.372349999999965542e-02
1.891009999999997970e-01
1.007809999999993988e-01
9.233649999999997415e-02
9.181950000000047019e-02
2.978599999999914996e-02
1.238765000000001254e-01
1.599619999999999653e-01
6.703700000000042958e-02
9.708550000000037983e-02
9.046199999999968155e-02
1.012070000000002273e-01
7.172750000000024939e-02
1.276415000000000466e-01
4.231700000000051393e-02
1.077120000000003908e-01
1.040019999999996503e-01
9.595500000000001251e-02
8.752750000000013297e-02
6.388800000000008361e-02
6.350100000000000189e-02
1.052674999999999306e-01
1.268899999999996975e-01
5.941499999999973192e-02
5.543449999999984501e-02
8.122949999999992676e-02
1.336545000000000649e-01
1.293259999999993581e-01
7.961949999999948235e-02
7.972249999999983516e-02
9.044199999999986972e-02
1.059164999999998857e-01
7.742449999999978516e-02
9.427450000000028862e-02
1.210055000000001685e-01
8.210249999999999493e-02
9.061499999999994559e-02
9.983399999999989505e-02
1.399910000000000321e-01
2.523909999999997544e-01
2.550819999999996979e-01
1.056370000000001197e-01
2.341129999999999323e-01
