FramewiseDisplacement
6.643450000000014621e-02
8.490730000000012989e-02
4.888940000000009667e-02
1.027625999999999817e-01
4.233279999999994825e-02
1.368255999999999084e-01
1.073316000000000131e-01
8.957579999999995546e-02
7.389767999999998782e-01
3.948212000000000943e-01
1.519631499999999358e-01
8.086305000000013066e-02
1.295144999999998658e-01
1.496069999999998512e-01
1.233482200000001749e-01
1.067735200000001217e-01
6.070071499999991210e-02
1.687543850000001733e-01
6.424469999999994629e-02
8.683555000000008073e-02
1.463795499999998861e-01
1.154724000000000028e-01
1.045079499999999328e-01
1.018664499999999556e-01
1.062740999999999270e-01
5.064891000000006083e-02
8.703436500000000242e-02
1.082332749999999622e-01
6.520334999999993775e-02
1.439767000000000130e-01
1.216784000000000338e-01
8.530774999999994612e-02
1.648677999999998423e-01
1.016057499999999669e-01
3.421244999999997760e-02
9.905555000000003385e-02
1.091707999999999845e-01
5.487449999999997885e-02
6.114335000000005460e-02
5.639465000000004613e-02
4.958745000000006065e-02
5.820815000000000711e-02
6.826685000000005943e-02
2.639619999999989405e-02
5.547310000000003904e-02
7.024334999999989892e-02
9.805740000000004453e-02
1.153449500000000710e-01
1.208192500000000169e-01
7.507194999999998453e-02
3.719280000000004666e-02
2.229548999999999559e-01
2.193354999999999888e-01
1.126426300000000491e-01
7.392398000000002800e-02
1.113997500000001029e-01
1.477189599999999547e-01
1.005231899999999984e-01
1.213651000000000174e-01
8.699137999999996540e-02
5.061063000000003143e-02
8.632540000000005209e-02
6.141895000000002769e-02
4.557382000000002875e-02
6.975542500000002366e-02
6.377827499999999539e-02
9.606444999999999568e-02
6.066791000000001932e-02
7.843063999999999591e-02
1.118242399999999914e-01
1.236761200000000560e-01
9.502266000000005042e-02
4.698475999999995878e-02
4.222264999999999352e-02
8.497770000000000323e-02
3.715319000000000954e-02
3.524182600000000387e-02
1.758705719999999750e-01
8.975764800000003707e-02
4.275567999999996954e-02
1.081946599999999981e-01
1.459448400000000201e-01
1.256378500000000231e-01
7.792308000000001955e-02
7.908578000000003605e-02
4.404909999999993137e-02
4.492555000000002935e-02
7.515205999999999276e-02
2.916862199999999475e-02
5.688086800000002885e-02
7.000887000000000082e-02
1.108299999999999980e-01
4.842280000000002277e-02
5.542506999999997908e-02
9.985886999999996072e-02
7.278835000000001554e-02
1.118651500000000104e-01
7.761150000000001381e-02
6.180393499999999041e-02
1.336752850000000048e-01
7.884595000000001186e-02
3.320364999999999428e-02
7.294757999999999798e-02
7.951791999999999194e-02
8.200613999999999126e-02
2.518010999999999514e-02
6.795930000000000026e-02
4.495699999999999696e-02
8.251260500000000275e-02
8.561837499999999657e-02
4.222148760000000306e-02
2.862996760000000376e-02
5.367948000000000164e-02
6.809927210000001063e-02
8.632610209999999618e-02
8.461460500000000939e-02
7.739243500000000942e-02
8.505557499999999438e-02
7.698237999999998915e-02
5.652279500000000068e-02
3.446740499999999957e-02
4.378316450000000609e-02
6.877794949999999075e-02
5.710498999999999437e-02
9.411903500000000367e-02
8.037519499999999650e-02
2.863875000000000101e-02
4.004603999999999109e-02
7.051122999999999419e-02
4.110794699999999885e-02
7.855323599999999851e-02
8.466832999999999998e-02
5.014859299999999825e-02
6.950032300000000274e-02
1.861787999999999638e-02
3.637913800000000530e-02
1.141596750000000021e-01
6.356887699999999586e-02
4.973487000000000047e-02
1.202755400000000002e-01
1.135133299999999956e-01
8.676929699999998136e-02
7.899527000000000632e-02
4.760444999999999260e-02
8.199189999999999257e-02
4.406788000000001065e-02
5.347709999999999964e-02
6.124868000000000673e-02
6.313150000000000706e-02
7.974853499999999817e-01
6.507068499999999478e-01
2.007973999999999315e-01
1.754815000000000402e-01
7.590560000000001750e-02
8.755869999999996156e-02
7.165779999999999372e-02
1.085918000000000022e-01
1.087121000000000060e-01
1.539659999999999918e-01
1.129257000000001149e-01
9.571250000000001978e-02
1.089601999999999654e-01
9.890650000000000830e-02
5.953299999999995401e-02
8.786979999999991464e-02
1.807709000000000399e-01
2.537693500000000046e-01
8.284830000000001360e-02
6.580515000000002057e-02
1.325089500000000142e-01
4.909339999999999538e-02
1.779194599999999737e-01
7.758900999999999992e-02
6.938894999999999091e-02
1.031637499999999985e-01
8.815409999999998525e-02
4.736344999999998751e-02
1.366922000000000137e-01
1.121760030000000241e-01
7.344500300000000870e-02
5.529875000000002150e-02
9.184429999999993433e-02
5.939764999999998935e-02
9.166444999999999454e-02
6.635529999999996431e-02
7.052479999999997085e-02
8.768675000000000774e-02
4.432099399999993999e-02
8.994975599999996407e-02
7.335720000000001129e-02
7.657519999999996829e-02
9.572100000000005604e-02
5.474810000000003563e-02
4.140949999999998798e-02
9.815770000000001438e-02
7.111749000000001930e-02
4.711978999999993228e-02
1.037123999999999824e-01
1.123409999999999409e-01
7.233619999999994776e-02
9.828119999999998524e-02
1.202941999999999623e-01
1.083829999999999794e-01
6.994219999999999604e-02
9.437170000000001668e-02
8.915729999999999489e-02
7.994879999999995879e-02
1.473132000000000330e-01
1.139882599999999385e-01
5.200503999999996074e-02
8.997019999999997242e-02
6.405570000000000708e-02
4.135189999999997618e-02
4.434680000000003341e-02
9.760509999999997244e-02
7.539560000000002093e-02
6.590666999999995890e-02
4.824463000000001056e-02
8.953769999999999785e-02
5.784940000000000915e-02
6.925759999999994698e-02
9.351459999999997552e-02
6.269689999999998598e-02
9.825740000000006413e-02
1.068918799999999392e-01
9.520254000000000216e-02
2.162184899999999854e-01
2.678905399999999548e-01
6.933678999999995374e-02
7.833489999999998510e-02
1.109021000000000312e-01
3.571050000000006164e-02
6.642090000000000494e-02
3.490889999999997884e-02
1.206459999999999894e-01
6.648659999999997905e-02
1.442958000000000296e-01
8.576710000000004053e-02
1.082004999999999911e-01
8.885130000000002193e-02
9.056275000000005293e-02
5.714885000000001491e-02
4.216190000000001603e-02
1.061365000000000225e-01
8.467620000000006253e-02
5.108060000000005235e-02
9.554289999999997229e-02
1.291592000000000295e-01
5.805200000000002025e-02
8.059090000000006249e-02
7.954310000000007486e-02
1.204100000000000725e-01
5.655509999999994847e-02
6.198299999999994786e-02
5.797289999999994531e-02
1.141295999999999838e-01
5.781535699999999084e-02
3.835345430000000055e-01
3.919018749999998996e-01
