FramewiseDisplacement
7.359689999999996513e-02
1.003719000000000139e-01
2.621100000000000166e-02
7.820840000000003900e-02
8.127409999999997414e-02
5.168450000000000127e-02
6.616369999999996421e-02
6.121299999999998270e-02
8.058819999999999872e-02
6.576399999999997525e-02
6.741889999999998995e-02
1.250411999999999912e-01
6.629570000000006846e-02
6.015319999999995532e-02
1.068419999999999787e-01
4.975860000000000005e-02
7.602879999999999361e-02
1.309094000000000091e-01
1.112095000000000167e-01
7.380400000000000849e-02
8.716619999999998536e-02
5.468199999999995981e-02
5.958630000000002258e-02
1.054585999999999857e-01
1.978236999999999912e-01
8.222118999999999955e-01
5.038932000000000411e-01
1.699190499999999882e-01
1.137346499999999927e-01
3.935369999999998453e-02
2.322990000000001512e-02
5.384670000000000428e-02
2.491400000000001252e-02
4.685870000000003088e-02
4.039330000000000698e-02
5.561640000000001721e-02
5.821069999999998329e-02
8.507649999999999935e-02
5.434089999999999754e-02
5.553584999999999772e-02
4.034194999999998754e-02
7.342770000000001240e-02
8.951739999999999697e-02
1.001976499999999715e-01
1.237761499999999876e-01
7.467440000000001576e-02
1.227147999999999989e-01
1.105181000000000080e-01
5.262390000000001511e-02
5.880390000000000617e-02
9.597725000000000006e-02
6.702015000000000056e-02
6.580495000000000094e-02
8.984204999999997887e-02
1.353991999999999973e-01
6.409259999999998569e-02
5.769159999999998178e-02
1.156954999999999928e-01
3.134283999999999959e-01
2.707400999999999835e-01
7.860139999999998794e-02
5.225114999999999621e-02
9.020240000000000202e-02
6.823049999999999948e-02
7.269319999999999948e-02
6.855570000000001107e-02
4.816925000000001067e-02
7.294124999999999914e-02
8.212124999999997899e-02
4.184004999999998975e-02
8.232800999999999314e-02
8.164991000000000609e-02
6.188164999999999638e-02
6.070320499999998926e-02
5.457785000000002495e-02
4.965655499999999112e-02
1.210087649999999904e-01
1.624721100000000029e-01
7.362875000000002057e-02
6.913130000000000663e-02
6.130040500000000225e-02
2.927541900000000252e-01
1.730012899999999743e-01
1.172673199999999943e-01
1.226583700000000027e-01
1.770216700000000198e-01
2.147038199999999619e-01
1.824521000000000059e-01
1.439607950000000025e-01
1.282090949999999674e-01
1.761189449999999712e-01
1.179597900000000088e-01
8.552651000000001391e-02
8.785725500000000909e-02
1.273583500000000368e-01
8.131805000000001671e-02
4.352420000000001982e-02
7.061413500000002230e-02
4.595908000000000632e-02
8.145311499999997873e-02
1.505551649999999630e-01
1.317696479999999892e-01
8.851403300000000585e-02
7.706665000000001431e-02
1.135647800000000318e-01
6.536762000000000128e-02
4.280708000000000429e-02
3.951301999999999592e-02
5.448027999999999205e-02
7.345406000000000157e-02
1.105104850000000194e-01
6.051617500000000538e-02
5.786512000000001293e-02
5.582608000000000015e-02
5.234563000000000410e-02
4.781048000000000936e-02
7.926618500000001677e-02
7.229493500000000461e-02
5.018100000000001032e-02
1.896085999999999883e-01
1.661401000000000128e-01
4.189434299999999500e-01
1.420316799999999935e-01
1.990798500000000026e-01
1.472109800000000190e-01
1.950935849999999860e-01
1.813442049999999806e-01
1.531136409999999948e-01
1.417643359999999908e-01
1.216561879999999984e-01
6.077274600000000249e-02
7.169339199999999468e-02
5.760358200000000040e-02
2.297440499999999636e-02
3.544371400000000116e-02
3.372113899999999026e-02
8.296881300000000237e-02
8.223962599999999623e-02
5.356611600000000389e-02
5.191499000000000807e-02
6.855784000000000877e-02
6.163074999999999803e-02
5.238022999999999985e-02
8.570470299999997932e-02
9.667628300000001562e-02
5.448086500000000332e-02
7.599093500000000945e-02
1.188686250000000055e-01
5.692275500000001237e-02
5.437199999999999672e-02
5.563495999999999719e-02
5.422926000000000135e-02
8.356294999999999695e-02
7.178771750000000063e-02
2.728175250000000607e-02
4.510232500000000561e-02
1.045703899999999992e-01
7.329634000000000149e-02
4.430081000000000296e-02
7.773690000000001155e-02
5.122506000000000975e-02
3.905306000000000055e-02
5.851216299999999204e-02
6.381508699999999257e-02
5.872142999999999807e-02
3.504504939999999319e-02
3.284805939999999036e-02
3.887675599999999843e-02
2.516077600000000622e-02
6.776911000000000740e-02
6.950383999999998341e-02
5.836282000000000275e-02
5.333773999999999460e-02
4.155259000000000036e-02
7.677876000000001533e-02
5.050788999999999973e-02
3.442239999999999883e-02
7.561785000000000034e-02
3.842254100000000450e-02
7.018740900000000615e-02
7.105058999999998293e-02
5.878931999999999214e-02
5.927962000000001203e-02
6.038130000000001274e-02
3.973787000000000152e-02
3.877761999999999876e-02
7.749930000000000707e-02
1.018421499999999924e-01
8.338779999999998416e-02
5.323999000000000092e-02
5.481148999999999050e-02
5.981401000000000079e-02
1.063146090000000044e-01
1.455828690000000036e-01
6.209595999999999172e-02
6.304983000000000115e-02
7.387046999999999364e-02
6.276824000000000292e-02
8.620343999999999229e-02
1.126460999999999990e-01
5.084935000000001537e-02
7.397652000000000394e-02
1.300792699999999968e-01
5.905850999999999462e-02
1.110012399999999871e-01
9.507139999999998647e-02
5.064459999999999795e-02
1.060780999999999946e-01
7.619329999999999159e-02
5.684211999999999598e-02
6.375272000000001271e-02
6.160130000000001160e-02
1.032756499999999966e-01
1.519172499999999759e-01
1.014395999999999909e-01
4.442179999999998352e-02
2.733359999999999956e-02
3.152579999999999272e-02
7.699040000000000050e-02
7.147208999999998813e-02
5.002528999999998616e-02
5.663734999999998909e-02
9.282310000000000560e-02
2.482884999999999259e-02
1.020399500000000043e-01
1.042942599999999859e-01
5.216031000000000140e-02
6.906790000000001539e-02
5.526219999999999050e-02
3.796170000000000100e-02
6.913980000000000126e-02
9.704441999999997848e-02
8.818822000000001160e-02
9.561068999999999818e-02
1.012202899999999905e-01
6.578040000000000276e-02
7.948389999999999622e-02
4.659789999999999766e-02
1.174211999999999895e-01
8.622084999999998778e-02
1.481208499999999983e-01
9.638610000000000233e-02
7.258839999999999737e-02
4.217029999999999390e-01
2.027495999999999743e-01
8.005299999999998528e-02
1.149140000000000023e-01
7.880560000000000342e-02
9.196439999999997394e-02
1.424123499999999931e-01
1.348556499999999936e-01
8.621580000000002297e-02
9.859742999999999979e-02
1.522031299999999920e-01
1.792308699999999866e-01
7.433774000000002713e-02
8.650672999999996227e-02
1.365681099999999926e-01
1.456628100000000314e-01
