FramewiseDisplacement
1.989091999999999527e-01
4.877479999999992377e-02
5.566870000000005009e-02
9.554160000000000430e-02
1.154856000000000216e-01
1.100722000000000783e-01
1.820576000000000694e-01
1.678639999999999854e-01
2.480896999999999686e-01
1.906679999999999764e-01
8.728630000000002498e-02
6.464160000000000739e-02
4.769800000000008755e-02
6.299137999999998572e-02
6.676176000000000332e-02
1.149043400000000215e-01
6.201530000000001625e-02
5.806550000000001988e-02
7.577559999999998464e-02
1.588561269999999859e-01
1.183366029999999847e-01
3.389480300000000668e-01
2.252176499999999915e-01
1.775592499999999740e-01
1.689979999999999816e-01
9.246987999999999042e-02
1.095423800000000503e-01
1.682359700000000680e-01
1.053938499999999834e-01
9.490106999999997628e-02
1.787652999999999603e-01
2.176925900000000191e-01
2.651807400000000259e-01
2.995741579999999793e-01
1.778692579999999468e-01
9.410458000000000711e-02
7.069258000000004649e-02
9.290980999999998158e-02
6.358750999999999987e-02
1.409251999999999727e-01
1.853847600000000095e-01
1.643889600000000006e-01
1.497981999999999647e-01
1.004029999999999506e-01
8.257909999999998862e-02
3.907220000000003607e-02
8.436059999999998005e-02
1.723200499999999746e-01
1.338850499999999499e-01
1.067297899999999772e-01
8.491470000000000962e-02
1.183440899999999990e-01
1.786088000000000398e-01
1.637978000000000212e-01
1.751830900000000135e-01
1.064149899999999871e-01
1.451186399999999654e-01
1.542171900000000040e-01
1.046201899999999740e-01
1.245082499999999870e-01
7.694430999999994636e-02
9.187054999999999527e-02
2.975448999999999455e-01
2.926618700000000461e-01
1.584016400000000380e-01
1.564983300000000188e-01
1.118465299999999996e-01
1.168970000000000009e-01
1.188133259999999969e-01
1.806703659999999989e-01
2.277471999999999830e-01
2.042059299999999800e-01
2.155286499999999883e-01
2.048050500000000163e-01
2.071539499999999756e-01
2.406905499999999754e-01
2.740007700000000046e-01
3.503738799999999709e-01
1.114244299999999910e-01
2.011844299999999974e-01
2.402202999999999977e-01
2.024492099999999906e-01
2.326534899999999906e-01
2.397328899999999763e-01
2.744030499999999817e-01
2.590066800000000447e-01
1.890607000000000260e-01
1.591841300000000070e-01
1.304094499999999823e-01
1.260946350000000105e-01
1.980658550000000129e-01
1.917813290000000004e-01
1.864898189999999734e-01
1.512025400000000241e-01
1.587765600000000110e-01
7.984621999999999553e-02
1.494276000000000215e-01
1.833711500000000105e-01
1.439389999999999836e-01
1.136439000000000060e-01
1.613395400000000035e-01
2.136059010000000147e-01
1.004413269999999830e-01
1.199840640000000014e-01
1.765350599999999937e-01
1.999671100000000035e-01
1.967971560000000286e-01
2.042808540000000117e-01
2.278934779999999827e-01
2.449424000000000046e-01
1.811357200000000001e-01
1.035467099999999863e-01
3.294531000000000542e-02
1.562639999999999862e-01
2.324103299999999983e-01
1.918294800000000244e-01
1.716181600000000196e-01
1.835399500000000073e-01
1.000078599999999901e-01
4.694987999999998551e-02
4.925813999999999887e-02
4.194817000000000684e-02
1.543138299999999852e-01
1.370531599999999794e-01
6.576957099999999889e-02
1.672150609999999982e-01
2.610528350000000386e-01
1.992878749999999755e-01
2.114805499999999894e-01
2.704325950000000534e-01
2.317219699999999993e-01
2.167381339999999990e-01
1.941824720000000226e-01
2.338675829999999900e-01
1.302394199999999946e-01
5.673175849999999992e-02
2.564211249999999789e-02
5.322959900000000244e-02
8.381935499999999817e-02
7.097856000000000998e-02
4.327483000000000024e-02
8.498808000000000751e-02
7.219427999999999956e-02
7.311533000000000615e-02
7.920080000000000175e-02
5.394644999999999996e-02
9.656216499999999148e-02
1.704198520000000106e-01
1.518016919999999881e-01
1.292118099999999825e-01
1.037183950000000188e-01
6.156659999999999910e-02
9.670539999999998304e-02
1.695200500000000055e-01
1.633777400000000213e-01
1.433099780000000045e-01
2.033380230000000066e-01
1.630610349999999931e-01
1.400139499999999981e-01
1.692471600000000076e-01
7.554208999999999230e-02
1.519871000000000416e-01
1.662908000000000164e-01
1.700602999999999698e-01
1.928919500000000065e-01
1.686092499999999605e-01
1.290669000000000399e-01
1.122053200000000250e-01
4.896098000000000811e-02
1.060863500000000237e-01
9.657795000000002350e-02
6.244914999999999494e-02
1.176961000000000118e-01
1.332359500000000196e-01
1.590606499999999979e-01
1.769705499999999765e-01
2.155602450000000114e-01
2.491816449999999794e-01
2.058760499999999771e-01
1.582697600000000093e-01
1.186954100000000012e-01
1.085380500000000109e-01
1.199220500000000161e-01
1.784972500000000240e-01
2.249199199999999954e-01
2.003563200000000044e-01
1.712729699999999688e-01
7.094586999999998034e-02
6.456785000000000996e-02
2.141680000000001360e-02
6.490694999999997716e-02
1.098225000000000035e-01
1.461367499999999819e-01
9.673993999999998261e-02
4.646388999999998687e-02
3.681888000000000521e-02
2.165787450000000169e-01
3.050082950000000404e-01
1.268220999999999932e-01
3.885074999999998252e-02
9.384049999999997949e-02
2.140167000000000042e-01
2.378262499999999890e-01
1.709159200000000267e-01
1.462873200000000262e-01
1.973415450000000348e-01
1.583172999999999941e-01
6.188521000000000993e-02
1.221276050000000002e-01
1.210233150000000202e-01
9.487669500000002476e-02
5.059017999999999848e-02
4.251010499999999248e-02
1.238606599999999835e-01
1.224098949999999769e-01
4.977293499999996956e-02
1.108407099999999812e-01
1.020476049999999857e-01
8.289609500000000297e-02
8.743833500000000591e-02
1.121359299999999948e-01
1.480275100000000010e-01
7.561294999999998434e-02
1.008550500000000016e-01
1.418249699999999947e-01
1.792025700000000055e-01
1.586387900000000017e-01
1.002523850000000133e-01
9.715504499999998156e-02
1.599501499999999576e-01
1.856990999999999781e-01
1.516390000000000238e-01
1.473193500000000156e-01
2.041476499999999861e-01
1.437803549999999986e-01
1.871699050000000253e-01
1.656967000000000301e-01
1.207023249999999992e-01
8.323577000000001447e-02
6.171696000000000126e-02
8.336331499999999339e-02
7.719449999999999923e-02
1.145087300000000030e-01
9.238377000000001782e-02
1.289176150000000132e-01
1.112491850000000143e-01
8.647955499999998574e-02
1.158792599999999701e-01
1.686267649999999840e-01
1.651448999999999834e-01
1.797951250000000278e-01
1.936286249999999987e-01
1.229681999999999858e-01
1.537817000000000212e-01
1.951176499999999758e-01
2.099599000000000049e-01
1.837012999999999840e-01
1.712803999999999993e-01
1.308131999999999906e-01
