FramewiseDisplacement
1.026680600000000054e-01
1.073952499999999421e-01
8.219829999999997416e-02
3.698814999999996966e-02
8.605404999999996529e-02
5.568095000000005540e-02
1.340318500000000634e-01
4.903414999999997775e-02
6.774484999999996759e-02
1.014660499999999604e-01
8.237800000000002065e-02
1.169815000000000577e-01
2.417045000000000443e-01
1.691558500000000520e-01
1.925512000000000334e-01
1.263003000000000320e-01
1.229823999999999917e-01
1.600960000000000161e-01
1.260197000000000678e-01
1.500888999999999973e-01
7.452440000000011555e-02
1.347545999999998911e-01
1.707995499999999667e-01
1.383834199999999792e-01
7.763252000000002429e-02
1.009347000000000716e-01
8.703890000000001625e-02
1.172303999999999985e-01
1.391871999999999554e-01
1.431190999999999991e-01
1.490331000000000017e-01
1.685525000000000495e-01
1.701500300000000077e-01
1.912636799999999915e-01
1.550708999999999838e-01
1.461199499999999984e-01
1.309343499999999771e-01
1.348772499999999763e-01
1.478135999999999894e-01
1.668985000000000052e-01
1.696573000000000109e-01
1.448563499999999948e-01
1.065463450000000006e-01
9.900249500000002367e-02
1.148919000000000190e-01
1.399088000000000276e-01
1.400361150000000443e-01
1.599346149999999744e-01
1.295750000000000235e-01
1.485211500000000184e-01
7.001599999999999491e-02
5.718379999999999297e-02
6.436415000000005049e-02
1.291102500000000930e-01
7.807005000000000194e-02
5.502764999999996964e-02
1.372156999999999960e-01
1.526689689999999600e-01
1.259279690000000007e-01
1.548915000000000153e-01
1.376763000000000015e-01
2.208587000000000189e-01
1.644681000000000337e-01
1.396455000000000335e-01
1.821142000000000594e-01
9.695879999999997001e-02
6.507380000000004272e-02
1.238289499999999932e-01
2.755306499999999881e-01
2.013079500000000133e-01
7.753604999999999525e-02
1.246265999999999485e-01
1.869682499999999470e-01
2.908959999999999324e-02
7.720100000000010287e-02
1.367506500000000014e-01
1.342468749999999877e-01
7.662422500000004577e-02
1.019948999999999717e-01
1.318622999999999601e-01
2.327011999999999969e-01
1.959123499999999574e-01
6.250929999999998987e-02
6.508215000000000527e-02
1.172934500000000074e-01
1.413365999999999789e-01
1.601338850000000036e-01
1.273792350000000073e-01
2.134587099999999682e-01
1.351160599999999823e-01
1.391424400000000061e-01
3.693733999999999906e-02
8.598500000000003363e-02
8.806917000000000217e-02
3.857885000000000481e-02
6.178331000000000794e-02
1.062154099999999962e-01
9.624967000000002326e-02
1.084558029999999895e-01
6.840515299999999632e-02
2.816627999999998105e-02
7.495604000000001543e-02
1.224186700000000072e-01
1.394931499999999824e-01
8.006003999999998511e-02
4.138860999999999929e-02
9.576450000000000240e-02
5.061059249999999565e-02
1.047936824999999850e-01
7.613261000000000334e-02
6.309900000000000231e-02
7.733242000000001282e-02
2.282647899999998981e-02
6.863447100000000245e-02
6.848213500000001341e-02
3.959599499999999495e-02
7.560909000000000380e-02
1.156735550000000112e-01
1.342681199999999908e-01
8.385192500000000770e-02
6.286759999999999571e-02
1.025450700000000021e-01
1.012275599999999942e-01
7.208098000000000283e-02
6.747655100000000961e-02
5.290977599999999864e-02
7.145850499999999161e-02
3.951906000000000169e-02
7.173744999999999428e-02
8.931522800000001039e-02
1.451287619999999945e-01
7.449606000000000283e-02
8.989305500000001337e-02
1.493068350000000266e-01
1.191605399999999954e-01
2.209068500000000157e-01
1.081749799999999900e-01
1.184847899999999926e-01
1.171536649999999902e-01
4.929412999999999156e-02
3.014177499999999912e-02
1.408342250000000073e-01
8.703550000000001563e-02
9.779217499999999508e-02
1.784442000000000320e-02
1.050626100000000007e-01
7.296428000000000635e-02
1.637997499999999940e-01
9.907120999999999289e-02
2.128941982000000233e-01
1.454151881999999896e-01
1.268844000000000083e-01
1.248536000000000090e-01
1.198971500000000079e-01
6.478100000000000525e-02
1.043671199999999938e-01
1.076165900000000120e-01
1.104229799999999900e-01
5.308428999999999232e-02
4.589484000000000619e-02
7.818220000000000725e-02
1.486569349999999901e-01
1.741590350000000176e-01
1.441242499999999815e-01
1.284819499999999837e-01
3.196909000000000001e-01
1.484833399999999914e-01
1.198758099999999993e-01
3.550230000000000052e-02
1.430561800000000050e-01
1.102788300000000221e-01
7.600186999999999915e-02
8.927635999999999905e-02
2.316543600000000314e-01
7.345589999999999065e-02
9.581065500000000845e-02
1.767792550000000240e-01
8.365395000000000469e-02
1.497900999999999816e-01
7.216820000000001567e-02
1.358418999999999877e-01
1.036601499999999787e-01
1.747212999999999961e-01
1.264173000000000102e-01
2.570914999999999728e-01
1.796336000000000044e-01
1.302611999999999659e-01
1.391739500000000185e-01
2.150855999999999879e-01
1.623639999999999528e-01
2.059764500000000331e-01
1.017433000000000087e-01
1.150650999999999619e-01
1.479509000000000241e-01
8.039039999999997299e-02
1.031215000000000048e-01
4.485460000000000141e-02
1.023062000000000138e-01
1.276219000000000103e-01
6.531205000000001037e-02
8.155354999999998855e-02
4.236934999999999313e-02
4.624950000000000588e-02
1.537366000000000010e-01
1.126344000000000095e-01
1.658285499999999912e-01
2.209569199999999733e-01
2.442272199999999671e-01
1.466791049999999763e-01
1.468047050000000076e-01
6.592689999999999662e-02
1.024768500000000360e-01
2.709724999999997552e-02
9.740354999999990826e-02
6.444894999999996321e-02
9.005405000000001048e-02
6.169234999999999303e-02
8.493449999999995448e-02
2.043670999999999405e-01
2.128626999999999603e-01
2.033755000000000146e-01
1.558965999999999963e-01
1.135377499999999512e-01
1.444195999999999813e-01
2.097861500000000046e-01
1.668628499999999792e-01
1.511585000000000012e-01
8.046524999999997430e-02
1.192007999999999540e-01
1.546326500000000381e-01
7.888780000000000792e-02
1.393829499999999499e-01
1.633300000000000030e-01
9.304269999999996432e-02
1.204802500000000248e-01
6.223684999999993389e-02
7.789759999999998352e-02
1.048912999999999929e-01
1.417884499999999548e-01
8.640749999999999820e-02
9.454734999999996059e-02
1.982910499999999965e-01
1.772813000000000305e-01
9.398424999999999141e-02
1.087812499999999682e-01
1.406092500000000467e-01
1.884231499999999560e-01
1.764339500000000061e-01
1.500294499999998976e-01
2.253464500000000315e-01
1.000583999999999640e-01
1.409223000000000003e-01
1.368520000000000569e-01
1.259120499999999698e-01
1.806699499999999403e-01
1.914570499999999897e-01
2.307380499999999723e-01
1.275351000000000123e-01
9.492084999999995942e-02
