FramewiseDisplacement
1.671854999999999314e-01
1.964239999999998765e-01
1.644525000000000015e-01
1.566079999999999695e-01
1.683420000000000194e-01
1.181935000000000208e-01
1.346604999999999330e-01
8.769049999999999068e-02
8.310249999999994031e-02
8.632650000000004209e-02
1.078659999999999897e-01
1.937229999999999785e-01
1.826329999999999620e-01
2.064964999999999995e-01
2.262544999999999973e-01
1.748429999999999707e-01
1.600294999999999634e-01
1.221744999999999637e-01
1.281755000000000533e-01
2.143350000000000533e-01
2.301951000000000414e-01
1.566116000000000175e-01
1.145930000000000143e-01
1.335850000000000648e-01
1.179240000000000566e-01
1.674120000000000330e-01
2.093208999999999764e-01
1.638562999999999825e-01
1.486195999999999628e-01
1.528845999999999816e-01
1.503172999999999593e-01
1.398794000000000426e-01
1.152035000000000420e-01
9.751830000000007159e-02
1.063632999999999662e-01
1.908507000000000120e-01
1.578194999999999737e-01
9.836399999999996535e-02
1.448376000000000385e-01
1.088861999999999747e-01
1.454992999999999981e-01
1.610715000000000618e-01
1.258798000000000417e-01
1.266253999999999713e-01
1.888774000000000008e-01
1.615668000000000104e-01
9.653430000000001732e-02
9.472010000000001539e-02
5.928710000000005781e-02
1.142852000000000312e-01
1.208237999999999812e-01
1.542795999999999335e-01
1.176236999999999561e-01
1.142012999999999640e-01
8.118599999999998040e-02
1.114856000000000458e-01
1.108817999999999887e-01
1.320455999999999852e-01
1.214724999999999833e-01
7.514890000000004622e-02
6.471550000000002301e-02
1.256955499999999337e-01
1.079587499999999922e-01
7.338570000000002591e-02
1.258077000000000223e-01
1.764725499999999780e-01
1.334792499999999937e-01
1.151892999999999945e-01
7.752969999999997919e-02
1.026545499999999972e-01
8.906684999999998908e-02
1.415150499999999756e-01
1.595127999999999824e-01
1.344046500000000144e-01
1.534508499999999998e-01
9.878209999999998381e-02
9.072770000000000834e-02
1.289191999999999838e-01
1.391711999999999672e-01
7.567564999999999709e-02
4.957120000000001664e-02
6.569590000000000152e-02
5.205999999999998129e-02
1.293490999999999946e-01
9.035039999999996962e-02
1.358969999999999900e-01
1.811169000000000251e-01
2.015953999999999802e-01
1.230659000000000058e-01
1.312368000000000146e-01
1.573161000000000143e-01
1.472419000000000089e-01
1.431635500000000005e-01
1.158829500000000123e-01
5.338619999999996701e-02
6.100079999999999392e-02
5.981600000000002193e-02
3.693069999999999686e-02
1.002341999999999955e-01
1.622897100000000037e-01
1.786358100000000060e-01
1.260507000000000155e-01
1.364159399999999578e-01
1.118066399999999849e-01
1.188243150000000137e-01
1.423146650000000069e-01
1.473805499999999713e-01
8.693829999999999614e-02
1.475084000000000117e-01
1.771661499999999945e-01
1.667099500000000234e-01
1.504932000000000214e-01
1.331011999999999751e-01
1.521281499999999898e-01
1.321559500000000220e-01
1.827142650000000146e-01
1.033196150000000313e-01
9.424605000000002564e-02
1.623722100000000168e-01
2.348150399999999749e-01
1.073809409999999936e-01
1.533154809999999757e-01
1.203632899999999978e-01
1.065102899999999936e-01
9.908107000000000719e-02
5.256055000000000449e-02
1.213970689999999963e-01
8.786376899999999435e-02
1.225820900000000047e-01
7.853274000000000366e-02
1.318137600000000020e-01
1.270912650000000088e-01
8.523158499999999860e-02
1.060983319999999896e-01
1.213271819999999918e-01
1.003533399999999992e-01
7.838706450000000603e-02
7.326022449999999853e-02
9.757646999999998461e-02
1.242755849999999801e-01
1.074985299999999810e-01
9.293461499999999820e-02
9.230534999999999435e-02
7.318425000000000624e-02
1.155529699999999910e-01
8.630509499999999834e-02
8.432407499999999834e-02
9.519117999999998636e-02
1.185647029999999935e-01
1.097668170000000026e-01
8.448451000000001265e-02
1.106021749999999970e-01
1.282205449999999913e-01
1.585343899999999973e-01
1.429598699999999889e-01
1.410699799999999837e-01
1.476122799999999846e-01
1.296478899999999879e-01
1.635312800000000288e-01
1.342962099999999992e-01
1.324179299999999893e-01
1.095990599999999981e-01
1.461032199999999781e-01
1.666325650000000103e-01
1.863948500000000008e-01
1.308347649999999918e-01
1.026466390000000117e-01
1.196008390000000005e-01
1.145414200000000049e-01
1.240443150000000022e-01
8.540618499999999558e-02
1.229708199999999807e-01
1.860732200000000114e-01
9.885489000000002857e-02
5.734502000000001737e-02
1.132968200000000064e-01
1.064797000000000243e-01
8.770002000000000353e-02
6.594161999999999246e-02
5.370169999999998417e-02
7.897469999999998103e-02
9.066215990999998420e-02
5.655270990999999164e-02
1.360050499999999607e-01
1.222664499999999987e-01
1.304592500000000266e-01
1.218164500000000067e-01
1.264714000000000116e-01
1.278451760000000326e-01
1.326607760000000080e-01
1.228085000000000010e-01
1.202139500000000000e-01
9.737455000000000416e-02
1.158371000000000123e-01
9.783540000000001680e-02
6.461330000000002627e-02
4.761660000000000198e-02
5.318209999999999604e-02
1.031118999999999924e-01
1.487361000000000100e-01
1.538484000000000240e-01
1.161846000000000129e-01
1.258690000000000087e-01
1.525967999999999769e-01
1.763706999999999914e-01
1.777364099999999558e-01
1.446434099999999723e-01
9.520820000000002059e-02
5.772790000000001948e-02
7.858539999999998582e-02
1.320631999999999917e-01
9.557079999999998354e-02
1.494656000000000318e-01
1.101026000000000227e-01
1.239829999999999960e-01
1.273609999999999742e-01
1.393893999999999966e-01
1.722655999999999910e-01
1.438700999999999730e-01
1.146140999999999965e-01
1.106794999999999862e-01
8.089310000000000944e-02
1.450840000000000463e-01
1.540492999999999724e-01
1.461628099999999764e-01
1.650181599999999971e-01
1.155829500000000037e-01
1.286936500000000205e-01
1.394365499999999924e-01
1.011568499999999649e-01
1.226534499999999694e-01
1.326677500000000010e-01
6.083470000000001932e-02
1.253999000000000086e-01
9.393669999999999798e-02
9.536720000000001307e-02
1.111171499999999979e-01
1.064658499999999730e-01
1.021794999999999648e-01
9.886480000000001656e-02
6.489044999999998842e-02
1.209044999999999703e-01
7.603029999999999511e-02
6.743209999999999482e-02
8.480954999999999744e-02
1.301121449999999846e-01
1.024587450000000177e-01
1.597699900000000284e-01
1.577709400000000262e-01
1.167124500000000231e-01
1.205066500000000068e-01
6.753649499999998806e-02
1.434600449999999805e-01
1.845967199999999919e-01
1.297682699999999634e-01
9.688619999999997789e-02
9.796974999999999434e-02
1.377478150000000234e-01
9.937326500000001617e-02
