FramewiseDisplacement
2.240154999999999785e-01
1.462576999999999905e-01
8.633510000000001183e-02
1.352870499999999920e-01
1.296526000000000067e-01
1.649451000000000112e-01
1.770427500000000265e-01
3.692014000000000129e-01
4.101373999999999298e-01
2.034303999999999557e-01
8.387599999999996447e-02
1.594460500000000058e-01
8.350284999999996183e-02
2.930118499999999626e-01
7.975615499999999525e-01
6.569392000000000564e-01
2.295248000000000010e-01
2.049909999999999788e-01
8.631989999999997720e-02
2.127929700000000146e+00
1.509975200000000184e+00
9.858418500000000195e-01
4.335880549999999167e-01
1.200593549999998955e-01
1.521366499999999844e-01
2.300915949999999821e-01
3.322619450000000030e-01
2.344081500000000096e-01
1.601522300000000065e-01
4.067125799999999902e-01
1.202158000000000115e-01
2.118685500000000166e-01
3.855829000000000062e-01
1.800985499999999684e-01
1.392768999999999813e-01
2.672715500000000244e-01
2.338472000000000328e-01
1.735804499999999972e-01
6.285359999999994007e-02
2.014961500000000127e-01
1.487486500000000378e-01
1.257123000000000823e-01
4.817506999999999762e-01
4.195220499999999797e-01
5.711712500000000192e-01
3.730885200000000346e-01
3.933159700000000703e-01
2.686712000000000544e-01
3.294071300000000480e-01
3.546340500000000895e-01
3.027215500000000614e-01
1.235562799999999767e-01
1.324947299999999495e-01
2.623225299999999982e-01
3.500347300000000161e-01
2.263981999999999384e-01
1.362004999999999744e-01
1.234162000000000176e-01
3.755971000000000726e-01
2.482480300000000084e-01
2.154626200000000213e-01
3.199205399999999200e-01
1.246300450000000365e-01
1.597502000000000089e-01
2.885856499999999714e-01
3.124981500000000301e-01
2.448165500000000216e-01
1.536022500000000235e-01
8.015940000000001953e-02
1.251103999999999827e-01
5.098177249999999994e-01
4.508193500000000631e-01
3.087699150000000614e-01
2.830135150000000488e-01
2.870799500000000282e-01
2.981148999999999605e-01
3.452254999999999630e-01
2.425486249999999344e-01
2.115903250000000235e-01
1.692903249999999638e-01
4.565130000000002658e-02
2.693002050000000702e-01
3.274275300000000222e-01
1.682983000000000118e-01
2.897628999999999899e-01
3.345586500000000130e-01
1.631705499999999975e-01
1.810833499999999763e-01
3.176774900000000623e-01
4.350198999999998345e-02
3.842833499999999680e-01
2.820533499999999250e-01
6.704545000000002031e-02
2.815636000000000250e-01
1.306221999999999939e-01
1.346920999999999813e-01
3.423105499999999912e-01
9.359364999999998658e-02
1.874388500000000179e-01
4.889834999999997933e-02
1.346280849999999529e-01
1.456967200000000018e-01
1.222378294999999782e-01
3.448851465000000172e-01
1.310592270000000004e-01
3.769054549999999448e-01
2.745113650000000072e-01
3.628237249999999303e-01
2.959197449999999563e-01
2.583140200000000331e-01
6.284277750000000218e-01
1.677011509999999928e-01
1.292557410000000073e-01
3.624511100000000208e-01
2.506711000000000356e-01
2.083974499999999841e-01
3.038878150000000056e-01
2.894185349999999768e-01
1.606755149999999910e-01
3.686311449999999379e-01
2.454507400000000006e-01
2.424552009999999536e-01
1.555214610000000275e-01
2.861640800000000429e-01
1.669759700000000013e-01
6.391079499999999247e-02
1.541516649999999933e-01
1.263479549999999840e-01
2.670173250000000276e-01
5.375695500000000904e-02
5.318377499999999564e-02
2.279366800000000026e-01
5.263344699999999987e-01
7.455358699999999894e-01
1.762744899999999781e-01
1.057341370000000058e-01
1.116463869999999858e-01
3.499801599999999846e-01
4.039505695000000784e-01
1.016318135000000011e-01
2.022209939999999873e-01
1.535606500000000207e-01
4.319830100000000561e-01
1.735157400000000294e-01
9.345974000000001336e-02
1.623816499999999885e-01
1.359223649999999894e-01
1.338689449999999892e-01
2.668103450000000043e-01
1.379808999999999897e-01
1.192245649999999907e-01
1.236320250000000204e-01
2.186219850000000187e-01
7.101412000000001390e-02
7.434744000000000075e-02
4.890029499999999363e-01
2.415228982999999552e-01
1.477801983000000263e-01
1.730338700000000063e-01
1.674219299999999966e-01
9.555588000000000415e-01
2.460135499999999975e-01
3.673301499999999664e-01
3.052905999999999676e-01
3.760792499999999761e-01
2.851866000000000123e-01
2.343456000000000150e-01
2.856734000000000218e-01
1.094658999999999771e-01
1.315334000000000225e-01
1.811080999999999941e-01
9.996069999999998568e-02
2.044671999999999878e-01
1.462471999999999939e-01
1.933911000000000102e-01
1.355731500000000311e-01
1.265272500000000078e-01
1.877524499999999874e-01
1.659930000000000017e-01
1.383310000000000095e-01
9.187555000000001415e-02
1.159313000000000010e-01
9.509725999999998902e-02
7.369339999999999224e-02
1.034976100000000038e-01
8.276311000000001472e-02
1.877883100000000138e-01
1.836219500000000060e-01
8.957099999999998396e-02
1.158223799999999887e-01
1.240689000000000097e-01
3.213883000000002099e-02
3.413378000000000245e-01
3.612362350000000721e-01
2.027290250000000349e-01
1.945068400000000419e-01
3.296740479999999973e-01
8.894107800000000674e-02
9.416007800000000816e-02
9.484442800000003615e-02
5.695527499999999271e-02
2.128428550000000252e-01
1.141053999999999957e-01
7.581345000000001833e-02
2.273851300000000186e-01
1.348811000000000315e-01
2.548645999999999967e-01
1.333580500000000058e-01
1.587903599999999638e-01
5.026884000000002295e-02
1.495324000000000098e-01
1.148014500000000132e-01
7.590405000000002844e-02
1.395706500000000183e-01
2.679611000000000076e-01
2.859133400000000158e-01
6.040342900000000848e-01
2.438712000000000379e-01
1.724418000000000062e-01
3.127763499999999253e-01
2.090737000000000290e-01
1.646978500000000067e-01
1.949263100000000470e-01
2.439424100000000262e-01
3.936835500000000487e-01
3.034750500000000240e-01
1.025069499999999856e-01
2.967957500000000248e-01
2.958482499999999238e-01
1.130538499999999974e-01
1.074883899999999615e-01
2.239465699999999559e-01
1.931632999999999822e-01
1.230507300000000387e-01
8.671912999999994986e-02
1.185735699999999893e-01
1.082670900000000241e-01
1.466769100000000214e-01
1.134852050000000057e-01
1.803723150000000330e-01
1.560161989999999943e-01
1.628498690000000082e-01
2.285532600000000081e-01
4.749091299999999571e-01
2.186804600000000209e-01
5.054391100000000803e-01
1.373994200000000498e-01
6.470236000000001431e-02
1.460792499999999661e-01
2.117777499999999313e-01
1.088602500000000195e-01
8.796587999999996854e-02
9.969791999999995380e-02
2.751949999999996760e-02
4.583426000000000444e-01
7.659073000000000686e-01
1.877803599999999518e-01
9.553931000000000229e-02
2.364506110000000050e-01
