FramewiseDisplacement
1.012575000000000280e-01
1.060334999999998085e-01
1.100755000000000067e-01
1.612435000000000396e-01
7.043000000000010363e-02
5.153249999999979375e-02
7.113600000000019907e-02
1.556900000000003559e-01
8.106349999999995504e-02
1.264515000000001888e-01
1.064849999999999686e-01
1.205109999999998960e-01
5.177900000000008884e-02
1.241369999999998308e-01
1.000784999999998481e-01
4.732300000000001089e-02
9.006100000000014094e-02
1.122874999999998458e-01
9.029150000000023268e-02
1.413135000000000918e-01
8.668950000000011369e-02
3.955149999999980903e-02
1.610224999999999851e-01
1.202679999999999166e-01
4.776049999999996271e-02
1.196384999999999255e-01
1.094200000000000728e-01
1.002045000000000574e-01
1.396689999999999876e-01
1.549029999999999574e-01
1.862945000000001128e-01
1.831019999999998205e-01
1.705590000000000162e-01
1.177659999999999263e-01
1.087949999999999612e-01
1.540210000000000190e-01
9.901249999999992002e-02
2.941620000000000346e-01
1.452506000000000075e-01
8.997649999999983439e-02
1.070561999999999903e-01
9.153279999999996974e-02
1.137505999999999795e-01
1.305898000000000336e-01
1.363936000000000037e-01
1.415432999999998165e-01
1.311195000000001665e-01
8.888530000000006981e-02
1.337832999999999106e-01
1.171230999999998551e-01
1.809802000000001188e-01
2.490597000000000782e-01
1.277812999999998200e-01
7.442459999999992415e-02
1.488641999999999466e-01
3.024900000000000921e-01
1.434427000000000341e-01
1.202881999999999008e-01
6.635209999999998332e-02
1.547778999999999960e-01
9.630080000000013074e-02
5.279810000000011855e-02
3.232930000000008158e-02
7.706749999999987222e-02
1.002831999999999613e-01
7.888749999999991602e-02
1.514148000000000716e-01
1.220083000000000417e-01
7.048900000000005162e-02
1.174361999999999490e-01
7.282500000000016738e-02
1.465450000000000086e-01
1.146556999999999715e-01
9.946770000000007550e-02
9.155269999999986197e-02
8.800660000000000427e-02
8.945880000000006049e-02
1.460149500000001432e-01
9.727024999999990540e-02
8.596730000000002425e-02
6.257900000000016227e-02
1.410286999999998958e-01
8.816855000000002607e-02
1.410884799999998218e-01
8.990542999999993901e-02
1.948855499999999907e-01
1.834251500000000923e-01
2.166177450000000004e-01
1.636005349999999914e-01
1.361325400000000241e-01
1.129408999999999691e-01
9.198839999999998407e-02
4.959433999999990350e-02
1.365215370000000539e-01
1.526584570000000252e-01
1.091357810000000844e-01
1.102050779999999702e-01
2.077895129999999257e-01
2.411327499999999513e-01
2.396908499999999831e-01
2.133043999999998941e-01
8.575285000000003321e-02
1.443535000000000235e-01
1.461911149999999548e-01
8.951883499999997718e-02
5.797970999999997599e-02
5.692711000000000299e-02
7.708815000000007744e-02
5.043267999999999640e-01
1.599619500000000472e-01
5.140018499999999824e-01
1.998259350000000378e-01
2.135984050000000189e-01
9.901059000000002330e-02
9.104981999999998965e-02
2.608047999999998923e-02
5.889353999999998035e-02
6.391410749999995589e-02
1.311845674999999878e-01
8.567385000000000972e-02
1.020959200000000205e-01
1.155156500000000391e-01
1.182435500000000306e-01
1.646179000000000114e-01
1.141443199999999936e-01
7.481741999999996784e-02
2.054943399999999976e-01
1.142912749999999700e-01
5.657722349999999567e-01
1.361049049999999705e-01
2.528865449999999626e-01
8.289889000000000285e-02
2.520530599999999954e-01
5.945082499999998493e-01
4.395999000000000434e-01
1.476475499999999608e-01
1.605242899999999584e-01
1.298824899999999616e-01
9.033929999999998350e-02
1.110392899999999988e-01
2.066590899999999897e-01
7.699704999999999744e-02
7.822857999999999201e-02
1.239884799999999843e-01
1.201251500000000139e-01
1.335804999999999909e-01
1.775914499999999840e-01
5.484649999999999248e-02
1.245689999999999853e-01
2.015590000000000437e-01
1.734921499999999561e-01
3.198078599999999438e-01
1.619961099999999987e-01
1.573025499999999854e-01
1.130983799999999984e-01
9.492862000000000522e-02
1.010985299999999920e-01
1.302484000000000142e-01
5.195516000000000023e-02
3.820879000000000636e-02
2.115825799999999923e-01
6.336146500000000570e-01
1.953662500000000191e-01
2.606271399999999794e-01
1.776563899999999974e-01
1.830832000000000015e-01
1.077771500000000299e-01
8.809719999999998663e-02
7.742146800000000439e-01
3.670919700000000452e-01
1.330434500000000075e-01
2.992382499999999834e-01
1.342088500000000184e-01
1.253702499999999886e-01
1.070309499999999581e-01
2.035329499999999903e-01
1.181315999999999894e-01
1.269439099999999654e-01
2.071767300000000034e-01
1.665442799999999890e-01
1.292626999999999804e-01
5.421279999999999155e-02
6.553718999999999517e-02
9.590520999999999074e-02
9.820500000000000063e-02
7.622594999999998677e-02
1.835068499999999991e-01
1.456583000000000183e-01
1.437563400000000102e-01
6.204991000000000673e-02
1.243454999999999977e-01
1.637970499999999996e-01
2.866110499999999783e-01
4.537511000000000183e-01
3.125761095000000322e-01
5.841433049999997240e-02
3.436326499999999839e-01
4.012024799999999169e-01
3.730197399999999885e-01
3.922824699999999387e-01
1.702695100000000406e-01
1.449216264999999837e-01
1.034159235000000066e-01
8.474860000000003502e-02
1.186722999999999667e-01
1.902803500000000148e-01
3.424543999999999921e-01
2.640536500000000286e-01
2.096069200000000299e-01
1.552688200000000018e-01
1.723189400000000038e-01
1.127478899999999895e-01
5.491700000000000054e-02
1.442700999999999845e-01
1.270120499999999875e-01
2.750215000000000298e-01
1.535295500000000146e-01
2.999357799999999852e-01
1.239875779999999983e+00
3.804310000000000191e-01
9.395320999999998701e-01
3.088699000000000860e-01
1.781158499999999090e-01
1.982151499999999789e-01
2.865544999999999898e-01
6.029259999999999481e-02
1.080582000000000348e-01
1.414213999999999749e-01
4.217516000000000043e-01
2.796043000000000278e-01
1.968272000000000077e-01
5.610626999999999143e-01
2.627100999999999464e-01
1.269844500000000265e-01
1.978234000000000103e-01
5.424520500000000744e-01
2.908099999999999574e-01
2.673491000000001172e-01
1.354057999999999373e-01
1.200615999999999489e-01
1.535719000000000667e-01
1.092468000000000189e-01
2.144670999999999106e-01
1.583675999999999973e-01
2.210485999999999840e-01
2.545054999999999401e-01
2.093546999999999492e-01
7.939219999999996835e-02
1.102775999999999618e-01
8.684849999999999515e-02
7.899380000000005841e-02
6.343469999999996889e-02
3.267099000000000530e-01
1.734955999999999721e-01
6.101589999999990077e-02
7.211559999999991866e-02
8.134039999999997939e-02
1.523600000000000509e-01
3.816969000000001166e-01
