FramewiseDisplacement
8.207459999999999756e-02
5.267505000000000104e-01
2.278211999999999737e-01
4.224007999999999652e-01
2.217133999999999494e-01
7.029671999999999032e-01
3.010182000000000135e-01
3.805789999999999451e-01
3.161761000000000155e-01
2.030157000000000211e-01
1.650455999999999868e-01
1.034357999999999805e-01
7.654330000000000855e-02
2.304381999999999819e-01
1.082437999999999456e-01
1.680315000000000836e-01
1.928247000000000988e-01
1.794898953000000630e-01
1.646396652999999877e-01
1.127227300000000071e-01
2.449969999999999926e-01
2.048656400000000433e-01
1.117018500000000331e-01
2.122823099999999463e-01
1.921120800000000739e-01
1.537936400000000092e-01
2.056237350000000297e-01
3.061519250000000469e-01
3.315357999999999361e-01
3.149375999999999287e-01
1.260806000000000426e-01
5.633504000000000289e-01
2.958613999999999966e-01
3.211754000000000553e-01
3.305166999999999966e-01
1.691443999999999726e-01
1.394934500000000466e-01
2.587127499999999913e-01
3.135556500000000746e-01
2.502232500000000082e-01
1.484493999999999536e-01
9.719980000000005838e-02
6.826259500000000369e-01
6.895078500000000332e-01
4.854574000000000944e-01
3.078587999999999325e-01
4.586816000000000226e-01
2.630735999999999630e-01
2.125911000000000051e-01
1.481526000000000232e-01
2.039262000000000297e-01
9.615769999999995710e-02
2.003847999999999741e-01
4.090272999999999826e-01
3.846086000000000227e-01
1.705115400000000170e-01
1.917530499999999805e-01
1.125232900000000119e-01
2.606155700000000186e-01
2.971115300000000126e-01
2.035009799999999702e-01
3.237503000000000464e-01
4.412029100000000592e-01
8.701520999999998174e-02
1.321177299999999888e-01
2.376278599999999963e-01
6.034702899999999648e-01
2.250457000000000152e-01
5.358184000000000280e-01
3.745007000000000197e-01
2.368966500000000142e-01
2.394980500000000179e-01
7.003620000000003454e-02
9.418146999999998936e-02
2.430153999999999648e-01
2.573076699999999328e-01
3.671551000000000675e-01
2.352469299999999652e-01
1.694113299999999989e-01
1.304245500000000280e-01
3.291560000000000041e-01
3.322155999999999998e-01
6.636447500000000055e-01
2.212375000000000036e-01
4.218152500000000305e-01
1.794279699999999922e-01
9.944677999999999851e-02
2.301499500000000198e-01
2.559707099999999902e-01
1.576168550000000279e-01
1.868496550000000311e-01
1.659257800000000227e-01
2.001543679999999992e-01
2.149791099999999733e-01
1.894016619999999984e-01
1.223217700000000102e-01
1.523196800000000128e-01
2.165123499999999646e-01
1.030271499999999979e-01
1.558424500000000212e-01
2.418007149999999716e-01
1.292987749999999769e-01
6.845399600000000584e-01
3.187881599999999871e-01
2.673498500000000555e-01
1.656463000000000241e-01
7.788939999999998365e-02
7.141865999999999493e-02
8.235366999999998994e-02
1.240332300000000082e-01
3.127163000000000581e-01
2.734086000000000016e-01
3.945502999999999649e-01
3.831831900000000068e-01
1.439125990000000022e-01
1.960807309999999803e-01
7.882553999999998562e-02
6.158379999999998716e-02
2.020956500000000156e-01
5.081172999999999940e-01
2.765656199999999565e-01
5.803137000000000434e-01
4.881094199999999605e-01
2.481171200000000521e-01
2.307839300000000260e-01
2.774234999999999340e-01
1.472139900000000168e-01
1.140999149999999962e-01
6.835702000000000444e-02
7.798554099999999156e-02
1.054867610000000122e-01
1.046299158000000007e-01
1.164840507999999886e-01
1.454411750000000059e-01
1.163663750000000080e-01
1.531627299999999969e-01
2.044488199999999756e-01
1.847408500000000120e-01
3.867888999999999911e-01
3.204689500000000302e-01
6.614661999999998931e-01
3.751158999999999466e-01
3.784345849999999345e-01
2.566332349999999596e-01
1.436431800000000092e-01
1.300723620000000080e+00
3.428772000000000486e-01
3.966276999999999719e-01
1.713390000000000191e-01
1.256838000000000399e-01
1.450169000000000041e-01
7.783179999999995102e-02
4.038039999999996910e-02
5.703509999999997748e-02
1.391415000000000013e-01
7.062659999999998384e-02
1.622250000000000081e-01
3.700282999999999767e-01
2.615104999999999791e-01
9.124464999999998271e-02
7.812359999999998750e-02
8.112079999999997904e-02
2.114378000000000091e-01
2.355573210000000417e-01
1.418661210000000117e-01
7.451050000000000728e-02
5.936633999999999523e-01
2.361758499999999372e-01
6.386601000000000639e-01
3.153063500000000130e-01
2.952434999999999921e-01
3.539030999999999705e-01
2.414917500000000050e-01
9.143799999999999151e-02
1.609498050000000291e-01
1.995084450000000065e-01
4.977758999999998962e-02
5.266447499999998838e-02
1.283825749999999710e-01
8.672976000000003072e-02
1.630733599999999728e-01
1.695269599999999766e-01
1.259402499999999758e-01
4.000272499999998205e-02
1.242460150000000152e-01
1.822044900000000245e-01
7.445702999999997962e-02
8.989142999999996664e-02
4.218284000000000616e-02
1.340977000000000419e-01
2.479042099999999860e-01
1.967350300000000329e-01
4.740269300000000130e-01
5.380253999999999870e-01
1.310008000000000006e-01
2.914696999999999982e-01
3.062783499999999215e-01
3.542855000000000310e-01
2.002323449999999783e-01
1.705158450000000270e-01
1.255069999999999797e-01
9.699177500000001617e-02
2.453570749999999800e-01
1.562713000000000019e-01
3.687908000000000297e-01
2.316152700000000120e-01
5.393478099999999831e-01
2.231107199999999846e-01
4.107617700000000260e-01
2.881871649999999674e-01
8.316118249999999712e-01
3.768604100000000345e-01
3.548966500000000357e-01
6.625464500000000090e-01
3.048711499999999797e-01
2.340689000000000242e-01
3.153731000000000173e-01
2.335702199999999951e-01
2.644843199999999950e-01
5.666968000000000005e-01
3.213599000000000316e-01
5.964390499999998596e-01
2.142765500000000101e-01
4.670507500000000145e-01
2.461453799999999970e-01
2.337970700000000235e-01
2.209897999999999862e-01
2.013125999999999804e-01
2.803044900000000172e-01
1.991592900000000166e-01
7.930530000000000912e-02
1.445344000000000073e-01
2.370645500000000405e-01
2.279224499999999987e-01
1.233606549999999996e-01
9.931943999999998107e-02
7.795559499999997477e-02
1.561970499999999762e-01
1.153494500000000061e-01
1.096524900000000052e-01
1.361070550000000046e-01
1.445849949999999939e-01
1.535256219999999727e-01
1.605405719999999925e-01
7.766830000000000955e-02
2.027107000000000214e-01
3.779475999999999947e-01
5.294717000000001006e-01
2.531984549999999889e-01
4.347365550000000245e-01
1.163855699999999799e-01
1.564428449999999970e-01
2.633958150000000331e-01
2.410482000000000180e-01
2.160319999999999740e-01
2.541144000000000180e-01
1.871896600000000355e-01
2.126468599999999654e-01
1.856951000000000018e-01
