FramewiseDisplacement
3.737070000000000669e-02
2.915849999999999692e-02
6.071060000000000345e-02
4.940429999999999128e-02
5.108609999999999540e-02
6.080540000000002332e-02
6.141140000000000487e-02
6.631550000000001333e-02
6.650299999999997880e-02
2.105300000000000227e-02
7.266019999999998036e-02
5.344090000000000645e-02
3.264959999999998697e-02
7.391659999999999897e-02
4.869580000000002518e-02
6.280249999999998334e-02
4.098610000000001141e-02
9.369299999999999851e-02
4.179150000000000920e-02
4.446359999999999202e-02
6.190809999999998675e-02
1.247171999999999725e-01
9.986979999999998081e-02
4.215400000000000397e-02
1.050630000000000036e-01
1.182862999999999692e-01
7.086399999999998256e-02
9.210709999999999731e-02
1.024726000000000109e-01
6.436759999999999704e-02
8.135219999999999951e-02
6.921014999999999806e-02
5.201895000000001518e-02
8.789370000000000516e-02
8.085029999999999994e-02
4.932994999999999741e-02
4.048734999999999834e-02
4.044650000000001022e-02
6.798490000000000089e-02
5.403270000000000295e-02
5.225610000000000671e-02
6.957585000000000852e-02
7.409159999999997970e-02
6.695715000000000694e-02
6.556969999999998078e-02
5.940420000000000422e-02
8.351844999999999408e-02
3.523379999999999568e-02
4.036529999999999285e-02
6.962970000000000270e-02
3.980640000000000567e-02
6.851069999999999383e-02
6.503454999999999653e-02
3.940560000000001978e-02
6.672424999999999884e-02
1.843632800000000183e-01
1.775045800000000229e-01
6.179774999999999158e-02
4.098170000000000285e-02
9.848729999999999984e-02
4.555269999999999458e-02
5.551774999999999766e-02
3.045288499999999204e-02
7.604761499999998509e-02
8.805393000000000248e-02
6.581880949999999175e-02
7.171185950000000253e-02
8.836815000000000642e-02
4.343249999999999889e-02
6.019765000000000532e-02
5.395696000000000520e-02
8.715433999999999681e-02
8.334070000000000367e-02
9.204315999999999887e-02
1.201106800000000113e-01
5.749085000000000306e-02
6.690601000000000187e-02
7.099685000000000024e-02
4.637212999999999058e-02
4.736163999999999652e-02
2.785104000000000052e-02
6.910486999999999880e-02
6.403976000000000113e-02
4.547023000000001425e-02
6.493562000000001333e-02
6.396662000000000181e-02
4.433261999999999620e-02
5.457434999999999370e-02
5.744613199999997616e-02
3.649208200000000901e-02
6.639941000000000593e-02
5.080621000000000442e-02
7.628585000000000227e-02
7.218318000000001344e-02
2.917520999999999656e-02
1.818271000000000123e-02
7.181367499999999349e-02
9.561193499999999512e-02
8.685165999999998332e-02
9.501276499999999903e-02
3.933840499999999990e-02
5.648610999999999216e-02
5.681956999999998592e-02
3.844344000000000233e-02
6.198698000000000402e-02
7.395121000000000333e-02
6.827276000000000178e-02
2.672746999999999970e-02
3.743968000000000296e-02
2.685104999999999437e-02
5.257175000000000042e-02
6.945263499999999868e-02
6.759017499999998846e-02
9.397456999999999339e-02
9.751193999999999140e-02
9.247876700000000338e-02
5.218663299999998922e-02
7.740366000000001301e-02
4.262195000000000566e-02
8.296745000000001202e-02
4.707082999999999406e-02
4.003544000000001241e-02
6.861325999999999536e-02
7.327728500000001144e-02
7.943591800000000813e-02
1.149587730000000141e-01
5.733982400000000451e-02
5.142600599999999633e-02
9.217606000000000410e-02
5.542056900000000286e-02
4.716602599999999978e-02
7.721300000000000385e-02
9.713788500000000714e-02
8.940067900000001067e-02
4.727864099999999625e-02
9.394404000000000643e-02
5.150004000000000387e-02
6.558727000000000307e-02
9.720614999999999117e-02
7.243536500000000156e-02
4.793755799999999817e-02
6.835192400000000834e-02
4.891372499999999818e-02
6.719467499999999538e-02
5.301681499999999492e-02
9.418882500000001767e-02
8.790990499999998264e-02
8.013468000000001368e-02
9.818439000000001027e-02
9.499565000000000092e-02
9.513975999999998989e-02
2.412821000000000063e-02
7.613169499999999923e-02
7.320250500000000105e-02
3.667433999999999972e-02
7.749959000000002096e-02
7.744209000000001897e-02
4.810044000000000125e-02
8.022775000000000045e-02
1.007922899999999927e-01
3.673964000000000396e-02
3.673255000000000270e-02
5.596004999999999729e-02
5.541340000000000154e-02
3.605825000000000696e-02
2.239470000000000349e-02
5.351500000000040903e-04
5.375930000000000986e-02
2.857975000000000099e-02
6.470270000000000188e-02
7.932665000000001243e-02
4.458555000000000157e-02
9.562855500000001785e-02
6.791405500000000095e-02
9.036393000000000897e-02
7.506473500000000743e-02
1.216355049999999910e-01
7.974749999999999894e-02
6.491099999999999648e-02
1.077796609999999849e-01
1.598313961000000116e+00
8.375983599999999862e-01
3.119399899999999448e-01
2.365437900000000038e-01
9.058350000000017083e-03
4.567030999999999175e-02
1.343604400000000254e-01
6.576943000000001760e-02
1.079200300000000834e-01
9.695070000000004240e-02
4.122045000000000570e-02
1.126449499999999798e-01
1.798265699999999356e-01
9.164807999999996513e-02
1.163315649999999701e-01
6.969478500000003685e-02
2.864880000000002980e-02
6.577259999999998663e-02
1.130329000000000333e-01
8.689014999999997158e-02
4.634454999999999131e-02
9.785505000000001286e-02
1.142055500000000029e-01
5.611215000000001341e-02
1.205608500000000249e-01
6.099775000000001030e-02
9.105389999999995154e-02
1.091349000000000208e-01
1.074426999999999882e-01
1.054210000000000425e-01
1.064870999999999873e-01
6.240040000000003639e-02
1.240053500000000281e-01
7.464250000000004215e-02
7.101340000000004593e-02
8.532489999999998131e-02
5.633830000000000782e-02
1.498033000000000003e-01
1.340813000000000699e-01
7.174059999999998771e-02
1.077149999999999913e-01
6.597250000000007275e-02
7.258649999999998437e-02
1.053563000000000555e-01
9.762910000000001032e-02
6.263089999999994772e-02
6.331379999999997565e-02
3.897129999999997263e-02
4.033710000000000767e-02
4.090429999999995597e-02
6.792729999999999602e-02
7.279860000000000497e-02
3.040030000000006061e-02
4.505669999999997732e-02
6.660249999999993953e-02
5.009939999999993981e-02
7.415579999999999394e-02
9.906769999999996690e-02
6.341030000000003053e-02
3.449070000000000608e-02
6.113800000000001872e-02
7.685480000000002865e-02
9.385019999999995310e-02
9.646860000000005708e-02
9.691850000000001852e-02
4.692899999999999849e-02
9.075090000000006485e-02
7.928680000000004613e-02
4.640989999999994842e-02
9.833149999999998836e-02
5.546449999999995134e-02
3.865550000000000930e-02
5.456789999999991925e-02
6.644270000000002119e-02
6.978080000000000394e-02
9.087069999999998482e-02
6.647210000000003394e-02
1.187707000000000068e-01
1.406548499999999702e-01
