FramewiseDisplacement
5.743639999999997775e-02
1.264817000000000025e-01
1.228998999999999925e-01
9.757719999999998894e-02
7.827870000000000661e-02
8.336720000000000241e-02
5.627600000000001351e-02
6.745519999999999294e-02
9.112900000000000167e-02
9.518100000000002947e-02
5.134650000000000325e-02
6.150349999999998180e-02
6.746249999999996694e-02
1.004039999999999377e-01
7.344400000000000928e-02
4.641499999999999793e-02
6.066000000000000558e-02
5.850200000000000539e-02
8.730249999999994959e-02
7.252449999999997787e-02
6.174699999999997552e-02
6.119699999999997364e-02
4.853749999999995568e-02
9.656200000000002281e-02
9.003750000000006193e-02
1.008145000000000568e-01
1.021255000000000079e-01
9.274450000000002137e-02
6.056399999999995815e-02
9.594849999999997825e-02
7.935899999999998511e-02
7.828799999999994097e-02
7.140599999999996950e-02
4.505049999999996557e-02
9.871149999999995206e-02
1.010600000000000248e-01
9.499299999999998023e-02
7.165549999999998310e-02
9.875799999999997081e-02
4.733149999999998470e-02
6.944899999999999685e-02
8.084600000000002895e-02
8.789049999999999641e-02
5.865299999999998987e-02
2.170312999999999826e-01
1.844793499999999586e-01
9.359960000000000502e-02
5.635840000000003763e-02
5.091569999999999430e-02
1.087865000000000221e-01
6.966900000000000870e-02
3.606411649999999858e-01
1.881760150000000575e-01
4.592599999999996685e-02
7.474445000000001782e-02
8.535620000000002094e-02
9.970075000000004628e-02
9.870920000000005246e-02
9.060424999999999729e-02
9.086915000000000964e-02
7.584915000000001795e-02
9.237284999999999247e-02
4.660795000000000216e-02
9.358885000000004284e-02
1.006855500000000264e-01
1.208460999999999841e-01
9.452490000000002279e-02
8.874765000000001125e-02
7.378479999999999761e-02
1.446810000000002885e-02
6.865759999999998531e-02
1.012846000000000024e-01
1.121359999999999579e-01
6.879939999999998279e-02
6.525815000000001476e-02
8.081070000000001308e-02
6.136975000000000069e-02
5.828204999999991864e-02
7.317409999999992254e-02
1.186494499999999758e-01
1.268916499999999670e-01
7.950534999999997465e-02
5.167839999999999240e-02
5.238314999999996863e-02
6.889774999999997984e-02
7.720754999999997203e-02
9.785029999999998729e-02
7.905544999999998546e-02
7.820044999999997692e-02
6.445710000000001716e-02
6.831805000000003292e-02
1.075142500000000612e-01
9.244449999999998502e-02
9.051405000000001255e-02
8.154090000000004113e-02
8.202270000000000394e-02
4.404594999999995181e-02
8.717560000000003362e-02
8.891160000000002117e-02
7.067258000000000706e-01
5.480960000000001386e-01
1.221864500000000020e-01
1.146122500000000405e-01
1.205717000000000177e-01
1.566247500000000625e-01
1.503199500000000632e-01
1.277677499999999577e-01
1.030585500000000404e-01
1.006091000000000069e-01
6.996654549999998807e-01
1.116876049999999954e-01
1.177860499999999894e-01
3.156744999999996915e-02
1.201949000000000350e-01
4.549864999999998771e-02
1.204533500000000146e-01
3.019851500000000355e-01
1.254112000000000282e-01
7.742950000000001221e-02
1.057073500000000055e-01
4.541464999999998003e-02
6.736025000000005203e-02
8.060125000000004092e-02
1.493581999999999688e-01
2.036119499999999860e-01
1.005940000000000167e-01
3.415875000000000439e-01
2.898046999999999707e-01
2.852155899999999633e-01
2.370437770000000111e-01
7.348238499999998341e-02
8.893348999999999005e-02
7.964902000000000093e-02
1.168995889999999704e+00
8.169146849999999738e-01
1.239781900000000159e-01
8.232916000000001233e-02
1.068724949999999979e-01
1.283287449999999941e-01
3.273527649999999345e-01
1.460528709999999730e-01
6.099382100000001750e-02
1.328896599999999650e-01
5.919336000000001430e-02
4.806093000000000171e-02
7.690682999999999547e-02
3.155038999999999066e-02
9.114953999999997336e-02
2.975111500000000020e-01
2.496769499999999808e-01
7.352405000000000745e-02
5.791592999999999741e-02
7.150727999999997864e-02
1.129066499999999834e-01
8.187125999999998738e-02
7.686346000000000844e-02
8.512184999999999890e-02
6.271714000000000455e-02
5.842234999999999095e-02
9.685535999999997370e-02
5.882939999999998310e-02
7.360011999999999110e-02
3.987451999999999663e-02
4.495452999999998561e-02
7.120150000000000090e-02
7.288554999999997952e-02
8.638834999999998876e-02
1.023451500000000097e-01
9.450549000000003919e-02
6.394893999999999579e-02
6.885850000000000304e-02
7.776663000000000325e-01
5.502145449999999993e-01
1.523201150000000337e-01
7.074657999999997560e-02
6.496423000000001169e-02
7.203772999999999427e-02
8.306290000000002283e-02
7.850355000000003303e-02
1.002705000000000402e-01
1.610056500000000557e-01
1.190461000000000297e-01
1.253215000000000023e-01
1.181338999999999723e-01
8.704130000000000200e-02
7.873213999999999213e-02
4.990126000000000284e-02
8.621794999999998765e-02
7.141272999999997984e-02
1.111894299999999919e-01
6.566274999999999196e-02
5.297484999999999694e-02
6.688075000000000270e-02
4.450091000000000463e-02
1.068048800000000048e-01
6.679965000000001596e-02
7.005501000000000089e-02
9.600424999999997155e-02
9.693830000000001890e-02
1.029035300000000486e-01
9.160159999999999136e-02
2.169520000000003251e-02
4.258253599999999861e-01
4.439951300000000156e-01
3.565333200000000424e-01
1.019435800000000059e-01
1.686989699999999759e-01
1.685724500000000403e-01
1.430094999999999839e-01
7.538717000000000334e-02
7.456661999999998625e-02
7.644397999999996696e-02
7.832112000000002183e-02
6.307962999999998377e-02
7.511025000000000340e-02
1.119608199999999470e-01
7.250824000000004321e-02
1.175939599999999280e-01
1.083241100000000012e-01
1.066250900000000335e-01
6.882788999999998880e-02
1.201360899999999177e-01
1.015489199999999453e-01
1.122300199999999998e-01
6.744554000000003990e-02
9.110804000000009839e-02
6.414220000000002420e-02
6.793030000000013779e-02
9.899655000000004423e-02
9.903948000000002694e-02
1.093798300000000945e-01
8.748068000000001898e-02
9.407349499999995146e-02
1.034881250000000280e-01
8.799190999999997875e-02
3.190249999999986846e-02
4.335999999999996107e-02
6.193049499999992574e-02
5.639144499999987348e-02
5.343439999999996526e-02
4.894297499999994416e-02
8.121732499999990973e-02
1.152117349999999679e-01
1.234561900000001045e-01
1.439103250000000056e-01
1.531545299999999277e-01
8.879043400000004305e-02
6.823333400000008986e-02
4.682686299999994778e-02
4.444509299999997720e-02
6.562988500000004055e-02
6.274157000000003814e-02
9.440802500000010367e-02
3.956295399999998352e-01
3.767979000000000744e-01
3.124080600000000429e-01
6.242385000000005846e-02
8.310596000000000649e-02
7.097284999999994848e-02
