FramewiseDisplacement
2.269101500000000327e-01
7.896730000000001803e-02
4.592695000000002192e-02
4.983064999999999717e-02
5.757459999999998967e-02
6.226404999999998052e-02
5.516575000000002726e-02
6.228859999999999258e-02
5.366420000000000218e-02
5.364529999999999993e-02
5.199740000000001305e-02
2.092010000000001785e-02
2.022349000000000022e-02
2.547555450000001109e-02
6.538419449999997857e-02
5.334069999999998396e-02
6.072750000000000370e-02
3.146521999999998820e-02
3.888791210000001192e-02
6.345291210000000848e-02
3.157334999999998615e-02
7.840923500000000768e-02
6.117859400000000281e-02
5.115763399999999350e-02
2.651236600000000249e-02
8.549128100000001618e-02
6.503499499999998434e-02
5.412160999999998667e-02
5.704471299999999689e-02
5.320239799999999797e-02
3.456405000000000588e-02
5.449089000000000016e-02
8.413735999999999438e-02
7.073779000000000872e-02
4.809535499999998548e-02
6.295612999999999904e-02
6.432525499999998397e-02
6.650249999999999218e-02
8.136920999999999737e-02
4.896075999999997819e-02
6.807949999999998725e-02
5.485655000000001086e-02
3.136609000000002007e-02
5.410619000000000539e-02
5.416185000000000443e-02
5.591979999999999867e-02
3.179985000000000450e-02
4.020540000000000225e-02
4.271895000000000553e-02
3.682868499999999989e-02
6.070179499999999589e-02
2.054489999999999442e-02
7.517463000000000617e-02
5.210413999999999324e-02
5.043668000000000456e-02
6.282332499999999931e-02
4.638968499999999995e-02
3.046669999999999240e-02
5.547024999999999872e-02
1.674460000000000184e-02
4.753274999999999167e-02
2.284369999999998763e-02
3.706400999999998752e-02
2.957315500000000028e-02
4.967289499999998081e-02
2.202978500000001005e-02
4.498828000000000549e-02
6.730360500000000246e-02
1.110447224999999982e-01
6.642112778999999245e-02
6.481005471000000906e-02
8.008487471000001745e-02
7.757216528999999472e-02
3.670853500000000047e-02
4.421798500000000132e-02
4.146455500000000016e-02
5.279678499999999886e-02
4.162265000000000409e-02
5.356745000000000256e-02
7.104604999999999948e-02
5.749205000000000981e-02
2.210960499999999745e-02
5.661125499999999922e-02
4.427949000000000468e-02
3.647735000000000560e-02
2.598339000000000898e-02
7.609309000000000212e-02
7.897409999999997765e-02
4.685905000000000625e-02
3.632339999999999874e-02
6.678169500000001590e-02
6.513289499999999621e-02
5.641859999999999931e-02
7.246316499999999605e-02
1.498623150000000237e-01
1.128063899999999925e-01
1.584137350000000000e-01
1.429451549999999904e-01
1.205976999999999882e-01
3.621877000000000429e-02
8.383510999999999047e-02
3.744846000000000286e-02
5.878015499999999366e-02
6.546314000000000299e-02
2.408908749999999488e-02
6.740894000000001440e-02
1.094979899999999895e-01
7.299254000000000853e-02
1.136535274999999900e-01
6.539415499999999548e-02
3.697878999999999750e-02
8.046533499999999894e-02
9.283523999999998555e-02
8.396189999999999209e-02
5.130259499999999945e-02
6.216913499999999343e-02
8.403268499999999586e-02
8.768061549999997539e-02
6.766860050000000903e-02
1.919083000000000247e-02
5.032331000000000304e-02
8.616209499999999410e-02
3.555772500000000530e-02
4.593209999999999654e-02
3.294866000000000461e-02
5.057898000000000255e-02
5.601802999999999644e-02
4.471746799999998939e-02
4.305583799999999906e-02
3.434213049999999823e-02
4.964400550000000467e-02
5.724977149999999071e-02
6.785606149999998116e-02
3.204334199999999550e-02
4.311559699999999162e-02
4.816385500000000541e-02
5.565241999999999412e-02
1.589640999999999971e-02
5.703620799999999796e-02
7.537464299999999118e-02
3.613878499999999966e-02
2.863321999999999742e-02
6.991494500000000611e-02
9.436569500000001331e-02
5.319435500000001260e-02
6.468193000000001247e-02
2.959365499999999649e-02
2.984070000000000472e-02
6.462658000000000291e-02
4.759846999999999689e-02
4.028826000000000629e-02
2.589814000000000352e-02
3.796725999999999573e-02
8.445329499999998379e-02
6.226200200000000379e-02
1.757885500000000434e-02
4.386935299999999982e-02
3.285960500000000006e-02
4.478320499999999954e-02
2.596016000000000296e-02
2.590213499999999974e-02
6.165269999999999084e-02
3.274518499999998222e-02
5.610585000000001266e-02
5.728310000000001040e-02
1.909604999999999983e-02
4.595310000000000367e-02
7.649514999999999787e-02
3.841648500000000022e-02
2.581593500000000513e-02
5.186981000000000924e-02
7.438446499999998296e-02
3.993395500000000709e-02
3.632500000000001006e-02
6.541919999999999680e-02
6.869814000000000476e-02
2.060133999999999924e-02
4.969860499999999986e-02
4.787456999999999824e-02
5.970372499999999222e-02
6.606645499999999616e-02
2.553075000000000483e-02
4.603039999999998522e-02
6.655055499999998347e-02
6.418994999999999562e-02
3.853468000000000171e-02
6.986508349999998035e-02
5.600975649999998668e-02
3.848504999999999288e-02
7.960365000000001190e-02
6.719438000000001188e-02
6.102332000000000589e-02
5.093794999999998879e-02
8.859399999999999220e-02
7.826275000000001980e-02
6.026577999999999102e-02
5.953247999999998485e-02
5.866605000000001124e-02
1.232272799999999807e-01
8.411261999999999905e-02
1.059735000000000121e-01
7.045499999999997598e-02
1.106852849999999805e-01
8.120638499999999205e-02
7.379186999999999552e-02
6.039373000000000657e-02
6.028297999999999990e-02
9.854439999999999034e-02
5.684531499999999349e-02
5.601127499999999926e-02
1.149260899999999946e-01
1.296555000000000346e-01
5.160246999999999751e-02
5.939120000000001204e-02
1.202681500000000042e-01
1.078238899999999917e-01
5.453715999999998731e-02
8.702364499999999670e-02
1.011235649999999847e-01
4.236719999999998681e-02
4.508571999999999580e-02
5.344075000000000214e-02
7.692962000000000411e-02
4.066455000000000763e-02
5.626313500000001272e-02
7.022973500000000147e-02
1.663060000000000233e-02
5.455775999999999681e-02
2.924936000000000549e-02
6.776887999999998968e-02
6.196385000000000087e-02
4.430091999999999364e-02
3.305028300000001362e-02
5.974122699999999397e-02
2.865343999999998836e-02
7.455367000000000244e-02
2.298713999999999619e-02
9.318362500000000603e-02
3.787357500000001348e-02
6.985161000000000842e-02
5.456303000000001235e-02
3.624715000000000575e-02
2.419014250000000102e-02
6.615165750000000233e-02
2.993545999999999707e-02
3.186280999999999142e-02
3.531698999999999256e-02
7.248522700000001318e-02
2.370377699999999185e-02
6.404670000000001195e-02
6.977721999999998703e-02
8.503631000000000384e-02
3.786508499999998584e-02
4.645755499999999760e-02
5.341480000000000533e-02
2.855040000000000702e-02
6.655948000000000420e-02
1.057320760000000220e-01
1.429354960000000230e-01
