FramewiseDisplacement
7.288449999999994933e-02
1.065669999999999951e-01
7.617900000000002447e-02
8.325749999999999817e-02
7.881150000000003431e-02
6.727200000000002622e-02
9.580249999999999877e-02
1.209749999999999714e-01
1.226064999999999933e-01
5.038349999999994916e-02
9.152100000000000513e-02
5.892349999999994814e-02
7.392049999999995846e-02
8.165300000000000336e-02
4.711500000000003185e-02
6.048200000000000104e-02
4.912650000000002432e-02
7.486000000000002375e-02
6.864000000000002044e-02
1.079109999999999653e-01
1.342889999999999640e-01
7.135549999999994675e-02
4.000249999999995476e-02
9.443799999999993866e-02
4.340749999999995307e-02
1.038264999999999882e-01
6.053249999999995440e-02
8.553899999999996229e-02
1.134829999999999450e-01
1.229617000000000071e-01
1.015120999999998969e-01
1.816480999999998958e-01
2.194077999999999862e-01
7.105370000000002517e-02
1.280045999999999684e-01
6.601890000000000536e-02
7.169950000000001322e-02
8.797710000000001640e-02
6.352020000000002664e-02
7.553009999999996116e-02
8.801569999999993288e-02
8.101029999999995179e-02
6.262740000000001361e-02
9.312589999999998369e-02
5.731049999999998645e-02
8.756800000000000694e-02
9.587360000000000326e-02
8.661010000000002318e-02
5.543109999999999704e-02
6.034279999999998118e-02
4.660290000000004429e-02
6.881420000000000592e-02
1.050898999999999445e-01
9.874755999999998424e-02
1.226006800000000174e-01
1.482983600000000179e-01
1.365719999999997700e-02
1.322991999999999502e-01
9.832138999999993911e-02
8.732318999999995335e-02
3.138545999999996922e-02
7.163836000000001203e-02
6.863516999999999535e-02
6.328019000000002781e-02
9.085430000000005446e-02
1.374950400000000128e-01
9.007434999999998360e-02
6.809204000000002033e-02
6.928757000000000665e-02
1.247257100000000035e-01
9.884301999999998978e-02
6.733456000000001551e-02
9.439665000000001249e-02
9.231300000000003392e-02
3.664409999999999890e-02
9.308417999999997472e-02
7.364327999999997765e-02
3.373989999999998934e-02
7.611717999999997875e-02
8.026128000000000429e-02
8.752300000000000357e-02
1.438088300000000264e-01
8.312250000000001582e-02
6.206874000000001113e-02
7.138331000000000537e-02
6.518706000000000500e-02
2.092959999999999265e-02
3.249118999999998925e-02
7.671862999999998212e-02
1.657130000000001796e-02
9.332020000000000592e-02
4.859386999999999041e-02
7.010899400000002168e-02
1.157566760000000167e-01
1.100102199999999641e-01
8.469862000000000224e-02
7.216484999999998873e-02
7.044860000000004174e-02
1.038090500000000138e-01
7.983469999999998068e-02
5.990739999999999260e-02
8.452624999999999722e-02
1.058304099999999998e-01
7.872262000000000703e-02
6.737383299999999409e-02
2.327337999999998935e-02
4.518179099999998505e-02
6.416335799999998979e-02
6.478000000000000425e-02
4.740968400000000055e-02
5.942508200000000407e-02
5.365664500000000281e-02
6.549029899999998794e-02
5.647887000000000046e-02
5.391170099999999937e-02
1.031744309999999831e-01
6.561395999999999895e-02
1.011104899999999973e-01
6.575607999999999453e-02
5.015440499999998525e-02
3.218598500000000029e-02
5.279725000000000390e-02
6.468030000000001001e-02
5.414024000000000614e-02
5.915848999999999414e-02
1.347405299999999972e-01
5.090217999999999826e-02
6.664477500000000332e-02
6.793378500000001041e-02
5.049956500000000320e-02
3.466086000000000167e-02
4.721501499999999907e-02
7.639171999999999629e-02
1.040510634999999989e-01
1.189342065000000143e-01
1.152102329999999952e-01
5.975988999999999607e-02
5.518785499999999400e-02
4.854948499999999639e-02
6.046376000000000528e-02
5.461247500000000060e-02
5.589547999999999739e-02
4.343055499999999569e-02
5.709372999999999532e-02
7.894306999999999019e-02
1.341091349999999904e-01
8.312574500000001476e-02
7.330368999999999080e-02
3.766838499999999867e-02
7.926446499999999229e-02
4.363782999999999551e-02
6.044574400000000958e-02
1.724918000000000284e-02
3.843774600000000180e-02
3.133425000000000099e-02
5.366229999999999611e-02
8.605859999999999899e-02
5.388487500000001262e-02
7.528991499999999892e-02
4.671625000000000083e-02
4.239383999999999514e-02
5.058704999999998758e-02
4.447390000000000371e-02
9.249419499999998739e-02
1.117817549999999827e-01
1.776590499999999850e-01
1.546773999999999649e-01
1.066391999999999896e-01
1.591918500000000236e-01
9.660862500000000352e-02
7.417640000000003120e-02
4.319180000000000241e-02
3.956814999999998250e-02
4.654345000000000010e-02
7.461232500000000711e-02
7.796504999999999408e-02
5.012702500000000561e-02
3.132469999999998311e-02
6.541040000000000743e-02
3.167689999999998007e-02
2.614994249999999520e-01
9.723189999999999611e-02
1.049109000000000014e-01
1.402691999999999828e-01
1.223036999999999874e-01
6.279960000000001097e-02
5.485890000000000211e-02
3.861889999999999767e-02
8.283424999999999816e-02
6.721315000000002704e-02
6.504820000000002822e-02
1.052794000000000230e-01
4.758909999999999529e-02
5.908089999999999176e-02
8.365209999999999313e-02
1.255368000000000039e-01
1.098082999999999698e-01
6.284179999999996158e-02
5.711340000000000167e-02
2.346249999999999725e-02
5.947099999999996833e-02
1.198212000000000027e-01
7.789049999999997365e-02
4.363050000000002343e-02
5.107080000000002035e-02
9.733460000000002110e-02
7.095299999999998830e-02
3.869750000000000273e-02
4.189750000000002500e-02
8.448980000000001767e-02
8.649030000000001994e-02
9.550949999999999718e-02
8.742729999999998558e-02
9.445159999999999667e-02
8.939379999999999549e-02
1.343653999999999682e-01
1.111747999999999625e-01
8.310019999999998519e-02
9.399019999999999597e-02
1.510587000000000180e-01
9.142600000000002114e-02
5.668390000000001622e-02
9.840170000000003636e-02
7.772500000000001630e-02
1.211702000000000334e-01
5.209630000000000510e-02
3.256260000000002486e-02
1.707907599999999582e-01
9.167166000000002979e-02
6.238919999999995025e-02
9.758100000000002883e-02
1.031028999999999834e-01
1.468501999999999585e-01
7.858840000000003045e-02
1.088299000000000072e-01
1.331575999999999593e-01
9.620360000000000023e-02
8.903029999999999278e-02
1.026163000000000214e-01
1.246861999999999970e-01
9.640199999999995994e-02
9.257590000000004427e-02
7.382159999999995947e-02
8.210860000000003156e-02
8.993149999999996980e-02
8.749349999999994631e-02
1.026631999999999545e-01
1.011734000000000244e-01
1.132501000000000202e-01
8.361979999999993862e-02
6.689749999999999863e-02
8.295869999999999633e-02
8.975390000000001145e-02
9.827240000000000975e-02
9.710649999999995674e-02
6.736749999999999683e-02
6.708550000000002012e-02
4.917839999999996936e-02
1.013825000000000143e-01
