FramewiseDisplacement
9.352930000000014843e-02
1.240437999999999957e-01
4.283000000000004859e-02
9.235399999999995002e-02
1.764239999999999697e-01
2.149014999999999675e-01
1.505724999999998870e-01
1.354225000000000567e-01
7.573660000000002890e-02
1.365476000000000190e-01
1.166865000000000402e-01
7.104399999999999604e-02
1.716868999999998369e-01
4.598689999999994171e-02
6.873100000000002818e-02
4.849999999999991818e-02
8.557300000000014895e-02
8.201100000000000056e-02
1.902235000000001008e-01
1.665215000000001000e-01
5.380450000000001898e-02
9.494464999999999155e-02
1.348827499999999402e-01
6.823955000000000992e-02
3.984034999999985782e-02
1.288615000000000732e-01
1.370614500000000013e-01
1.141989000000000198e-01
1.180590500000001375e-01
6.137299999999991373e-02
8.355399999999997551e-02
1.177914999999999934e-01
9.025150000000008166e-02
2.636154499999998624e-01
1.513784349999999890e+00
5.156671999999999922e-01
2.357974000000000181e-01
2.191909000000000496e-01
9.796209999999998252e-02
3.987900000000002554e-02
6.571900000000001352e-02
9.083299999999991381e-02
1.401049999999999240e-01
9.980050000000004196e-02
9.747949999999985793e-02
7.510000000000004172e-02
5.283199999999999008e-02
8.580999999999990024e-02
1.691877500000000256e-01
1.200287499999999619e-01
6.066250000000002196e-02
1.048895000000000383e-01
1.218870000000000925e-01
1.494140999999999386e-01
9.876255000000007389e-02
1.122010399999999603e-01
6.426978999999996556e-02
9.670209999999998529e-02
1.296183999999999670e-01
1.430948499999999401e-01
9.815410000000002189e-02
1.335495499999999613e-01
6.970920000000002670e-02
5.788320000000002352e-02
9.680609999999999216e-02
4.814299999999993585e-02
1.190487499999999393e-01
8.113174999999991921e-02
4.513580000000005921e-02
1.785233000000000791e-01
1.410670000000000535e-01
5.988250000000001905e-02
5.396900000000007247e-02
1.553870000000000806e-01
9.751300000000001633e-02
4.662399999999992939e-02
9.246849999999988412e-02
7.872700000000004694e-02
4.565800000000011516e-02
9.164849999999996610e-02
1.081499999999998574e-01
6.282050000000015400e-02
1.711084940000000110e+00
2.589876600000000084e-01
1.086800499999999864e-01
8.926388500000002058e-01
3.278901999999999095e-01
1.336304999999999299e-01
1.195245000000000057e-01
9.418949999999993994e-02
9.475399999999994938e-02
1.464446999999999832e-01
1.151087000000000221e-01
1.329857999999999874e-01
1.207636000000000542e-01
9.196830000000007221e-02
7.216350000000003317e-02
5.829400000000004717e-02
1.227810000000000012e-01
8.064649999999999597e-02
9.536249999999996119e-02
1.924516999999998923e-01
6.775280000000000191e-02
1.417132000000000114e-01
1.100688000000000083e-01
1.306292000000000009e-01
8.355790000000012929e-02
9.326099999999998280e-02
1.163490000000000080e-01
8.685999999999996501e-02
8.138699999999991774e-02
1.203585999999998712e-01
2.026338000000000861e-01
1.732291999999999721e-01
8.360520000000007390e-02
1.272610000000000408e-01
1.003519000000001049e-01
1.075966000000001116e-01
1.306333999999999274e-01
6.308309999999985040e-02
6.653059999999996754e-02
7.563559999999988626e-02
8.601740000000002162e-02
3.158390000000006054e-02
6.680199999999993088e-02
9.705159999999994624e-02
1.415015999999999219e-01
1.132128999999998525e-01
5.665270000000002110e-02
1.691162893000000000e+00
2.514924769999999921e-01
2.465321800000000174e-01
8.841563000000000894e-02
6.355339999999998213e-02
6.477655000000001606e-02
1.063124399999999942e-01
1.716226600000000380e-01
3.574569999999999831e-02
6.661174999999999735e-02
8.248424999999998120e-02
1.300607999999999764e-01
8.975749999999999007e-02
9.814939999999997000e-02
1.146206999999999643e-01
6.812960000000001237e-02
7.852970000000003559e-02
1.024974000000000302e-01
7.054000000000000548e-02
7.359585000000003208e-02
1.047747499999999582e-01
8.049774999999993741e-02
6.035055000000008607e-02
5.197335000000002231e-02
7.804724999999999857e-02
6.470874999999999544e-02
1.253814000000000317e-01
7.898859500000000589e-01
4.435244499999999590e-01
1.647594999999999754e-01
8.425843499999997877e-02
1.293279350000000050e-01
4.268848999999999561e-02
5.794086000000003150e-02
1.086034000000000027e-01
8.628333999999998616e-02
6.547153000000000000e-02
2.409913999999998072e-02
1.286176999999997725e-02
5.656051000000005685e-02
9.753924999999996626e-02
1.269221999999999850e-01
9.655479999999999619e-02
5.686375000000001845e-02
1.881953499999999557e-01
1.887311899999999931e-01
7.051838999999995861e-02
1.449051000000000367e-01
7.425409999999998956e-02
5.233130000000001114e-02
1.430144000000000137e-01
8.296979999999992694e-02
7.243639999999994250e-02
7.410539999999993244e-02
1.004292000000000240e-01
6.001129999999998271e-02
7.462109999999992638e-02
9.512310000000002985e-02
1.032280000000000281e-01
1.020146000000000663e-01
8.195160000000006884e-02
6.245050000000002682e-02
1.118109999999999382e-01
8.113299999999989964e-02
5.517900000000003358e-02
1.114035000000000025e-01
7.211499999999998467e-02
1.008324999999999916e-01
1.154169999999999641e-01
4.480900000000003630e-02
7.815600000000001712e-02
1.418843849999999795e+00
2.070295099999999722e-01
1.829825099999999871e-01
1.656812099999999954e-01
1.307845899999999784e-01
8.688888000000002942e-02
1.105282999999999821e-01
1.174180500000000238e-01
7.406060000000001808e-02
1.060932000000000403e-01
4.655559999999997478e-02
7.339210000000000178e-02
6.091070000000003287e-02
6.874369999999996317e-02
9.992799999999998906e-02
8.142759999999998888e-02
6.382109999999997785e-02
1.147505000000000192e-01
1.226219000000000198e-01
7.348190000000000277e-02
1.607557999999999765e-01
7.879527500000002571e-02
1.171405749999999968e-01
1.234604499999999716e-01
4.001200000000002671e-02
4.256450000000001205e-02
5.970009999999999900e-02
7.457289999999999752e-02
2.820779999999999954e-01
1.193792999999999938e-01
9.231290000000000329e-02
5.077470000000001982e-02
1.058735999999999983e-01
5.679145000000002108e-02
5.075415000000003951e-02
1.082418500000000283e-01
4.272165599999999674e-01
3.419161299999999848e-01
5.487684099999999843e-01
2.707208999999999866e-01
1.892351499999999909e-01
6.705154999999998755e-02
8.124095499999998971e-02
1.126927450000000108e-01
6.097674999999999623e-02
3.962240999999998986e-02
7.541831999999999703e-02
1.146405880000000294e-01
1.054034379999999882e-01
9.977821999999997304e-02
1.178336900000000187e-01
6.914452000000000098e-02
5.270917999999998049e-02
7.052266000000002866e-02
5.818731000000001291e-02
5.080115500000000062e-02
7.085275500000001725e-02
1.208382999999999957e-01
4.808014999999998818e-02
