FramewiseDisplacement
1.098063000000000095e-01
1.314649000000000234e-01
8.933099999999997987e-02
1.309548000000000101e-01
1.130399500000000002e-01
1.266557500000000114e-01
9.436724999999995811e-02
9.235654999999998171e-02
7.473764999999998881e-02
2.206205499999999986e-01
1.549503500000000422e-01
1.305782000000000054e-01
8.625244999999999440e-02
1.306124499999999633e-01
1.196370999999999823e-01
5.435259999999999397e-02
6.780419999999999503e-02
1.073138999999999899e-01
1.326725000000000265e-01
2.029310999999999754e-01
2.387741000000000169e-01
2.543180500000000732e-01
3.095517000000000962e-01
3.138922500000000393e-01
2.454697000000000406e-01
2.466258500000000076e-01
2.618465500000000667e-01
1.652905900000000150e-01
1.244079399999999808e-01
1.357645999999999853e-01
1.135755499999999973e-01
8.436455000000001037e-02
7.673504999999998522e-02
1.619994349999999972e-01
1.472658500000000315e-01
8.465387500000000343e-02
1.131287594999999674e-01
1.872015444999999556e-01
2.947187649999999381e-01
3.335173300000000562e-01
2.843771499999999675e-01
2.031309149999999675e-01
1.903614650000000075e-01
1.596401999999999821e-01
1.041216649999999883e-01
8.691022049999998222e-02
1.032709145000000189e-01
1.704188249999999960e-01
2.263608249999999600e-01
2.304859500000000228e-01
1.956606450000000219e-01
1.882460900000000048e-01
2.051801349999999580e-01
1.606723499999999916e-01
1.348205500000000112e-01
1.319599850000000019e-01
1.604933999999999805e-01
9.586503999999998471e-02
1.067733849999999846e-01
2.549050165000000256e-01
2.114381665000000521e-01
1.120355549999999811e-01
7.765432499999998239e-02
1.084736999999999785e-01
1.418760400000000088e-01
9.878974999999999562e-02
1.198655799999999993e-01
2.697943499999999606e-01
3.365976700000000155e-01
2.365978200000000142e-01
1.632011500000000170e-01
1.716836499999999932e-01
1.211268500000000220e-01
1.151843699999999943e-01
1.299860349999999998e-01
8.425290500000000293e-02
8.169030000000000735e-02
8.312374999999999625e-02
9.380241999999999747e-02
8.632192999999999117e-02
6.551525000000001098e-02
8.901064999999999672e-02
1.494589999999999808e-01
1.886905049999999806e-01
1.709524550000000309e-01
2.126264500000000501e-01
8.135571000000002551e-02
1.919899399999999978e-01
2.243250050000000217e-01
2.244738450000000052e-01
1.521799000000000346e-01
8.635632700000001050e-02
8.790596300000000363e-02
9.872523999999999189e-02
8.588069999999999038e-02
8.120098499999998942e-02
1.388551649999999749e-01
2.285669899999999977e-01
2.180971699999999791e-01
1.680373299999999570e-01
1.401259249999999845e-01
9.845243500000000481e-02
9.107975000000000099e-02
1.615722950000000324e-01
1.871711550000000057e-01
2.055146009999999912e-01
1.953116590000000263e-01
2.245814150000000065e-01
1.758142050000000289e-01
2.053416349999999946e-01
2.025376550000000109e-01
1.048306494999999977e-01
6.979778699999998615e-02
1.232461754999999992e-01
1.121906280000000006e-01
4.728878499999999985e-02
7.407486499999998975e-02
4.228207399999999588e-02
1.983236000000000374e-02
4.031271200000000055e-02
5.085589699999999019e-02
6.679717500000001418e-02
7.774919500000002093e-02
4.040813999999999517e-02
8.111470000000001179e-02
7.191591000000001344e-02
4.300344999999999168e-02
5.321914999999999285e-02
4.722277500000000156e-02
9.690831000000001139e-02
4.351730000000000181e-02
5.662746999999999920e-02
7.798349499999997214e-02
6.888304300000000491e-02
7.424953800000001769e-02
5.211996000000000684e-02
1.579094749999999936e-01
2.136838349999999609e-01
9.358765500000001958e-02
7.423741499999998716e-02
4.696076999999999196e-02
9.243897999999997617e-02
8.350230100000000100e-02
9.659815099999997934e-02
9.104775000000001062e-02
1.028642900000000110e-01
1.284011150000000101e-01
9.303998000000000823e-02
1.360771750000000224e-01
1.328949350000000196e-01
9.451686500000000546e-02
9.770026500000000835e-02
7.166783499999999918e-02
9.874370999999999843e-02
1.040224699999999919e-01
5.390405999999999670e-02
3.645137999999999989e-01
1.674441849999999954e-01
1.448405949999999887e-01
6.860420000000000407e-02
1.035809169999999946e-01
3.826026700000000058e-02
5.743761999999998785e-02
7.213558999999999943e-02
7.892728000000000244e-02
4.613550000000000290e-02
7.443322000000000827e-02
5.259511000000000047e-02
7.408905000000000352e-02
5.462498999999999133e-02
3.295193999999999207e-02
2.963639999999999677e-02
4.558968999999999522e-02
7.859810999999999881e-02
8.882557299999999101e-02
1.293218470000000175e-01
7.152382999999999658e-02
1.414586939999999959e-01
1.592169340000000044e-01
1.634973399999999910e-01
1.509755100000000072e-01
9.352367999999999792e-02
1.009685300000000008e-01
9.948005000000000042e-02
1.127642000000000089e-01
8.716865000000001418e-02
1.197029000000000148e-01
1.754829499999999987e-01
2.231951149999999717e-01
2.325413005000000199e-01
9.454232449999998289e-02
9.641259999999998720e-02
1.619027299999999669e-01
1.503505799999999837e-01
1.722595999999999850e-01
1.900803499999999813e-01
1.954156500000000241e-01
2.259844000000000297e-01
1.749096500000000276e-01
1.271578499999999889e-01
1.198719999999999924e-01
6.014835499999998669e-02
1.093330999999999886e-01
1.237307799999999708e-01
8.362487999999999866e-02
9.346280000000001253e-02
7.576700000000000101e-02
9.290865000000000928e-02
6.497994999999996690e-02
8.304809999999998582e-02
8.201110999999999818e-02
1.244087749999999992e-01
6.965965000000000351e-02
7.375225500000000267e-02
1.132950050000000319e-01
6.393687499999999024e-02
7.809337499999999266e-02
1.405181749999999952e-01
1.466496250000000057e-01
1.458528799999999903e-01
2.023138299999999723e-01
1.317686999999999886e-01
6.929200000000000637e-02
1.031095999999999818e-01
1.883739000000000108e-01
2.137492399999999793e-01
1.051193399999999917e-01
9.013806000000001983e-02
7.100200000000000955e-02
4.712536000000001196e-02
5.208138999999999824e-02
7.828680000000001749e-02
5.908205999999999875e-02
2.738173000000001384e-02
8.408845000000000902e-02
9.960054999999998215e-02
9.777785000000001336e-02
7.783679999999999766e-02
9.208020000000000094e-02
1.556636500000000145e-01
9.993080000000000018e-02
1.195145000000000096e-01
8.991665000000000074e-02
8.186231999999998843e-02
1.067118700000000003e-01
8.659580000000000055e-02
5.396936999999998874e-02
7.313597000000000847e-02
1.280909400000000142e-01
8.146319999999999950e-02
8.237544999999998896e-02
1.266704549999999874e-01
1.390784499999999924e-01
1.228389549999999858e-01
1.143389049999999907e-01
1.085482050000000087e-01
9.041235000000003019e-02
8.684125000000000871e-02
5.710890000000001798e-02
