FramewiseDisplacement
7.794559999999998989e-02
5.685320000000003426e-02
1.000877999999999490e-01
5.351679999999991999e-02
5.951820000000006272e-02
3.914609999999998924e-02
2.669840000000007693e-02
3.664485000000008985e-02
4.886844999999995220e-02
1.078715999999999564e-01
3.503310000000003921e-02
9.258870000000002376e-02
5.494764999999998678e-02
1.921879999999995259e-02
6.766289999999994254e-02
7.245600000000002039e-02
6.257404999999996442e-02
3.512824999999999281e-02
6.860824999999999563e-02
3.388234999999999164e-02
5.969410000000000688e-02
1.379812000000000261e-01
1.376527500000000181e-01
1.311539500000000191e-01
8.430080000000003682e-02
9.701379999999996950e-02
4.034465000000003743e-02
7.556935000000003511e-02
6.970129999999999382e-02
4.792079999999999257e-02
6.276580000000005211e-02
4.433080000000003823e-02
5.453325000000004696e-02
8.501325000000004017e-02
6.559659999999997715e-02
7.177119999999999334e-02
4.781160000000005128e-02
1.206489999999999924e-01
6.976939999999999531e-02
5.552009999999996809e-02
1.495233999999999730e-01
1.381673999999999958e-01
8.617475000000000829e-02
1.326195500000000027e-01
6.130584999999999507e-02
9.536440000000002970e-02
1.100139500000000270e-01
5.996404999999999097e-02
7.609815000000001717e-02
7.628449999999997733e-02
8.819014999999996718e-02
3.085997000000000323e-01
8.227760000000003404e-02
3.849981000000000098e-01
1.773916499999999563e-01
2.171526500000000026e-01
8.481418999999996988e-02
1.040672399999999914e-01
5.649030000000000024e-02
3.259190000000002085e-02
6.010545000000001858e-02
7.724933999999999967e-02
1.094360100000000002e-01
1.095167500000000099e-01
1.561441999999999830e-01
5.398099999999997345e-02
2.812050000000003783e-02
6.206514999999999255e-02
2.699910000000002586e-02
1.072841300000000331e-01
2.936510999999998942e-02
6.402999000000002272e-02
5.319490000000002411e-02
7.002752300000000818e-02
1.211066969999999854e-01
4.215552000000000188e-02
1.651108900000000101e-01
4.900079999999999714e-02
7.431176000000000448e-02
5.364894000000001301e-02
5.304569999999999425e-02
7.334509999999999641e-02
1.114104300000000047e-01
7.486773000000003508e-02
6.233793999999998059e-02
7.751641000000000781e-02
4.939174000000001730e-02
9.982052000000000980e-02
1.070836499999999747e-01
8.618639999999998247e-02
3.855112499999999720e-01
1.705745999999999651e-01
1.264639000000000180e-01
3.304799999999999405e-02
8.787249999999999228e-02
5.988279999999998604e-02
3.901625000000000232e-02
4.177310000000000051e-02
1.175375000000000031e-01
5.392620000000000052e-02
8.047970000000000124e-02
1.072140099999999846e-01
4.671861000000001457e-02
1.012289520000000109e-01
6.320055200000000706e-02
8.042330999999999785e-02
1.834249600000000258e-01
2.675048499999999607e-01
1.555568199999999568e-01
9.836696500000000065e-02
4.588207500000000133e-02
5.368233999999998118e-02
6.214814999999998535e-02
8.747991999999998880e-02
8.732389999999999597e-02
4.652472000000001245e-02
5.621117849999998639e-02
3.056977150000000226e-02
1.396281499999999787e-01
7.198000599999999916e-02
4.729666400000000215e-02
9.577294999999999559e-02
1.053942400000000001e-01
5.174980500000000982e-02
4.378759699999999755e-02
3.346546699999999874e-02
5.506952000000000375e-02
4.734247000000000455e-02
7.158687500000000814e-02
5.629715999999999887e-02
9.515079499999999635e-02
8.048603000000000007e-02
6.366840000000001387e-02
4.822200500000001222e-02
2.523378200000000460e-01
2.258240549999999958e-01
1.667830949999999923e-01
7.611119999999997610e-02
9.597259999999997737e-02
6.560195000000001997e-02
1.213135500000000061e-01
8.265849999999999587e-02
6.377495000000001080e-02
4.184250000000000469e-02
1.084355500000000055e-01
1.106931000000000165e-01
8.687784999999999258e-02
7.515784999999998439e-02
5.877605000000001717e-02
9.218719999999999692e-02
7.825520000000001086e-02
4.002350000000001740e-02
1.230185000000000167e-01
1.289201999999999848e-01
1.306038900000000003e-01
8.413113999999999315e-02
1.685152999999999790e-01
1.065603499999999842e-01
1.363078500000000082e-01
5.909315000000001789e-02
4.123980000000000701e-02
5.346579999999998695e-02
5.415679999999997718e-02
6.149780000000000524e-02
2.756114500000000356e-01
2.259861500000000245e-01
9.528200000000000558e-02
8.546089999999995079e-02
9.811575000000000157e-02
1.020712000000000147e-01
9.208206999999998810e-02
8.245987000000004619e-02
5.379595000000000210e-02
5.852334999999999482e-02
9.802035000000000609e-02
3.013378500000000182e-01
1.784546699999999819e-01
2.232332700000000114e-01
1.766254999999999908e-02
6.572669999999995738e-02
2.964657500000000279e-01
1.139276000000000177e-01
1.092484499999999970e-01
8.141894999999996219e-02
1.768208500000000016e-01
9.036265000000003045e-02
6.812460000000002125e-02
1.127206999999999931e-01
1.552576209999999568e-01
2.741198839999999803e-01
3.449944549999999777e-01
7.963030000000001496e-02
7.005323499999999148e-02
1.098765149999999663e-01
4.801103400000000243e-01
3.943492699999999740e-01
1.173504799999999654e-01
8.507226500000000802e-02
1.105816450000000201e-01
3.697346800000000377e-01
3.104200500000000029e-01
1.780462500000000448e-01
1.106888000000000039e-01
1.545628500000000016e-01
1.075089350000000277e-01
2.332890550000000507e-01
1.224698199999999931e-01
8.288434999999996777e-02
1.393895500000000565e-01
1.902476500000001014e-01
1.258529550000000441e-01
8.403465049999999659e-01
3.555664999999998965e-01
2.961235999999999868e-01
1.101802499999999796e-01
8.407144999999997814e-02
1.881034000000000317e-01
1.063769000000000242e-01
1.078854500000000216e-01
8.402455000000000340e-02
1.817204999999999515e-02
1.403170499999999987e-01
9.295679999999997833e-02
3.323564999999999159e-02
4.405795000000002626e-02
6.125910000000002464e-02
4.050615000000002547e-02
4.862854999999998568e-02
3.586380000000000123e-01
3.019812999999999525e-01
1.515187999999999813e-01
2.704179999999995962e-02
5.247365000000003832e-02
2.602465000000001374e-02
4.610180000000002609e-02
1.340763999999999845e-01
1.273094000000000170e-01
8.634744999999993675e-02
7.216952000000002865e-02
3.137497700000000389e-01
2.784839999999999538e-01
3.608199999999999186e-01
1.273951000000000389e-01
9.504700000000002036e-02
4.069389999999996343e-02
1.020948000000000133e-01
2.183499999999999885e-01
1.691131999999999358e-01
1.828332999999999486e-01
9.108879999999999755e-02
2.054694999999999161e-01
1.467504999999999782e-01
1.082289000000000445e-01
1.692148999999999737e-01
1.989184999999999148e-01
2.008486000000000160e-01
7.121130000000006066e-02
5.063960000000008316e-02
2.590941999999999412e-01
