FramewiseDisplacement
1.888179999999997638e-01
1.182035000000001418e-01
8.972899999999994769e-02
1.800074999999997649e-01
9.537899999999971401e-02
5.927800000000002512e-02
4.546149999999987701e-02
6.582299999999977058e-02
7.378350000000011288e-02
5.197649999999981452e-02
4.130850000000002575e-02
1.361295000000000144e-01
9.789799999999988789e-02
8.832350000000023516e-02
1.228375000000000994e-01
2.966080000000002048e-01
1.054449999999994281e-01
7.930300000000019278e-02
1.191289999999997906e-01
1.087305000000002991e-01
9.532199999999997619e-02
7.344700000000067841e-02
1.036794999999998551e-01
5.375400000000016276e-02
7.456750000000024470e-02
5.353999999999989323e-02
8.637149999999987893e-02
1.203790000000002358e-01
1.165174999999994687e-01
1.178114999999999579e-01
1.288494999999999779e-01
1.313670000000000671e-01
1.580429999999999335e-01
8.520600000000029539e-02
1.867840000000003386e-01
1.738945000000002294e-01
2.263049999999999784e-01
5.309152949999999649e+00
9.014404499999999487e-01
8.379469999999998864e-01
2.659520999999999691e-01
1.208764999999999423e-01
2.362773999999999985e-01
2.150778500000000704e-01
1.369764499999999441e-01
2.289202000000001014e-01
7.396240000000012249e-02
1.731661000000000450e-01
1.223652000000000767e-01
3.372087500000000571e-01
2.889019499999999629e-01
7.914004999999992018e-02
9.432924999999992011e-02
9.560154999999991021e-02
1.125355999999999856e-01
8.052730000000014876e-02
2.036988130000000063e-01
1.951078130000000188e-01
1.954074499999999825e-01
2.634536999999999574e-01
3.796470500000000414e-01
1.317600499999999619e-01
5.058964999999990275e-02
1.226365999999999984e-01
9.924860000000000626e-02
8.470610000000002027e-02
7.921809999999999963e-02
8.526544999999999264e-02
1.155946000000000473e-01
7.207864999999999411e-02
1.423046999999999229e-01
1.959057499999999896e-01
1.619690000000000296e-01
1.427376000000000200e-01
1.741108999999999851e-01
1.554739499999999441e-01
1.259206499999999673e-01
6.757818999999999632e-02
1.462333899999999631e-01
1.676312999999999831e-01
9.696174999999999933e-02
1.537292500000000117e-01
6.245534999999999282e-02
7.940339999999994347e-02
4.287319999999997938e-02
1.008595599999999870e-01
8.836170999999998221e-02
1.238244699999999920e-01
1.451592699999999792e-01
8.539613999999998151e-02
1.279710999999999765e-01
1.712832499999999980e-01
2.614946499999999951e-01
2.338227649999999880e-01
2.896614349999999671e-01
2.528947999999999752e-01
2.502579999999999805e-01
1.372238499999999806e-01
3.782990499999999701e-01
3.009791900000000076e-01
1.602475400000000216e-01
1.395868400000000176e-01
1.180261999999999839e-01
1.519090000000000162e-01
1.146559000000000050e-01
9.670120000000001492e-02
2.047373200000000004e-01
6.621804599999998875e-02
2.674473359999999800e-01
1.929838499999999568e-01
1.474056100000000202e-01
8.014910999999998176e-02
1.305617490000000047e-01
2.273288410000000315e-01
9.321972000000000591e-02
6.362020999999999649e-02
5.184571999999999098e-02
3.375104999999999078e-02
1.037916399999999906e-01
1.347488299999999861e-01
1.041068500000000147e-01
1.122663500000000009e-01
1.666795100000000029e-01
1.646657299999999824e-01
1.504352899999999993e-01
2.811485900000000315e-01
4.293990999999999780e-01
2.592284699999999886e-01
4.238058000000000103e-02
6.620492399999999833e-02
4.985771600000000331e-02
1.059821600000000197e-01
8.271492999999999207e-02
9.524203999999998616e-02
1.287103450000000038e-01
2.123103149999999995e-01
1.504613750000000083e-01
1.430631549999999974e-01
1.580706500000000070e-01
1.695494899999999971e-01
1.261833800000000116e-01
1.155518449999999864e-01
5.313536500000000384e-02
6.394413000000000180e-02
8.178127000000000313e-02
6.533345000000001512e-02
7.925495000000001844e-02
6.830339999999998635e-02
7.597474999999999368e-02
5.421489999999999643e-02
7.394890000000001185e-02
3.158115000000000228e-02
8.951663999999998067e-02
7.630889000000000422e-02
1.213207999999999925e-01
7.150386499999999979e-02
1.224661249999999812e-01
1.875366899999999504e-01
2.288872899999999655e-01
2.260696900000000176e-01
2.974215000000000539e-02
1.769819499999999990e-01
9.038960000000001438e-02
1.225183990000000139e-01
8.678199900000001243e-02
6.489634999999999154e-02
1.990045000000000702e-02
2.954425000000001494e-02
7.066235000000001265e-02
8.480415000000000869e-02
1.058728999999999920e-01
9.337899999999998979e-02
8.158680000000000099e-02
3.624474999999997837e-02
7.341854999999999909e-02
6.107019999999999810e-02
6.625765000000001514e-02
4.828634999999999872e-02
8.826055000000000705e-02
3.436277400000000148e-01
2.908371399999999940e-01
2.379117499999999774e-01
1.605879499999999516e-01
2.667991000000000668e-01
3.419041999999999915e-01
3.619831000000000021e-01
2.377845999999999294e-01
2.078390000000000237e-01
2.547896000000000605e-01
1.609254000000000517e-01
9.465739999999994714e-02
7.776259999999998729e-02
6.691990000000001826e-02
3.095859999999999584e-02
8.569400000000000628e-02
1.367549999999999877e-01
8.201139999999998431e-02
5.393180000000001584e-02
7.543769999999991316e-02
8.393259999999999610e-02
5.722959999999997771e-02
1.422485000000000832e-01
1.114181000000000754e-01
8.001099999999998491e-02
7.942979999999996710e-02
4.093390000000006468e-02
1.855786999999999576e-01
2.525642999999999638e-01
2.478262499999999702e-01
1.846224500000000213e-01
2.999279000000000250e-01
4.134140000000000037e-01
3.486671000000000076e-01
1.204328999999999539e-01
3.495755999999999863e-01
2.342956999999999679e-01
2.474435499999998733e-01
1.405516499999998892e-01
1.330502499999999533e-01
2.419686500000000628e-01
3.546570000000000555e-01
4.143045000000000200e-01
4.170153999999999805e-01
2.812763500000000083e-01
2.428601000000000232e-01
1.738399000000001027e-01
4.652159999999997547e-02
4.644175000000006631e-02
1.607674000000000047e-01
2.190498000000000167e-01
1.220404999999999823e-01
2.777162000000000242e-01
2.921037000000000217e-01
2.089693999999999718e-01
2.425581000000000265e-01
2.580420000000000491e-01
2.154998999999999665e-01
1.062429999999999486e-01
9.996630000000004956e-02
1.739783000000000301e-01
1.566827000000001191e-01
2.839295000000000013e-01
2.593557000000000223e-01
3.473283000000000897e-01
4.129549999999999610e-01
3.760788000000000464e-01
2.107291000000000303e-01
2.845111999999999641e-01
2.647445000000000492e-01
1.822557000000000482e-01
2.131036000000000041e-01
1.555625000000000202e-01
2.375642000000000587e-01
1.118276000000001102e-01
1.653572000000000930e-01
1.970058000000000642e-01
1.572526000000000201e-01
2.615382000000000540e-01
1.517488000000000725e-01
