FramewiseDisplacement
6.094822000000000434e-02
5.759386999999999146e-02
3.874133000000001131e-02
2.622818000000001412e-02
5.037175000000002068e-02
4.132210000000000050e-02
2.785898000000001581e-02
2.416303000000000895e-02
5.319901499999997452e-02
6.309094719999998324e-02
2.568992329999997964e-02
4.414979549999999836e-02
2.054375000000000645e-02
5.429856000000000960e-02
3.605234999999999690e-02
3.458795999999999399e-02
2.007300489999999660e-02
3.096180000000000460e-02
5.137596490000000127e-02
3.870819499999999386e-02
4.153257999999998562e-02
2.822560000000001040e-02
5.335263499999999548e-02
4.339310000000001083e-02
4.071665000000002782e-02
6.001470000000001803e-02
5.031250000000000305e-02
6.226944999999999703e-02
4.484739999999999560e-02
1.657894999999999161e-02
2.187528999999999862e-02
8.629115000000006641e-03
1.805325499999997640e-02
3.694459469999997192e-02
4.678999470000001770e-02
3.998560000000001696e-02
1.850600000000001896e-02
5.202829999999998567e-02
5.920532000000000572e-02
5.783652000000000237e-02
2.925981999999999542e-02
3.852876000000000217e-02
5.535795999999999772e-02
7.324999900000001007e-02
3.629806099999999952e-02
4.059679000000000065e-02
3.915712500000000096e-02
3.219319499999999390e-02
5.127523999999999277e-02
1.986029100000000214e-02
2.566854400000000147e-02
3.012068679999999748e-02
3.366126319999999950e-02
3.889201500000000200e-02
3.291854499999998657e-02
2.118543999999998942e-02
1.739632199999999532e-02
1.708989200000000583e-02
1.263257000000000269e-02
2.674365000000000075e-02
5.175520360000001457e-02
5.562079129999999288e-02
1.692540629999999408e-02
2.121242119999999787e-02
3.930156480000000785e-02
5.248167019999999683e-02
2.711720289999999117e-02
6.067267710000000258e-02
4.710862000000000382e-02
1.808118500000001003e-02
3.057508000000000101e-02
1.765246999999999650e-02
5.393166499999999669e-02
1.357586999999998989e-02
1.405663999999999525e-02
2.276865999999999612e-02
3.405250999999999417e-02
3.449470500000000744e-02
4.333293750000001554e-02
3.877241249999999889e-02
2.238085999999999548e-02
3.170769000000000365e-02
6.350189000000000528e-02
5.147822000000000509e-02
7.809707999999999928e-02
1.877696000000000226e-02
4.368908999999998599e-02
5.529011000000000342e-02
4.004822499999999980e-02
2.489290500000000336e-02
2.965387999999999358e-02
2.870097000000000273e-02
3.508962999999999666e-02
5.561834499999999265e-02
3.236539800000000355e-02
3.939929699999999979e-02
3.395685300000000212e-02
1.863841999999999929e-02
3.425356250000000102e-02
6.418956550000000372e-02
4.163795800000000269e-02
2.564949999999999522e-02
3.712263500000000105e-02
5.214890500000000928e-02
2.844616000000000158e-02
5.285259000000001178e-02
7.613200999999999996e-02
4.430930000000000979e-02
3.640005000000000324e-02
3.106289500000000009e-02
6.161719499999999961e-02
3.089650000000000035e-02
2.686310000000000087e-02
2.613448500000000244e-02
1.039512000000000422e-02
2.060424999999999063e-02
2.032268000000000616e-02
4.089302499999999257e-02
5.182222999999999691e-02
6.396404499999999715e-02
4.796519999999999950e-02
5.525822000000000372e-02
3.267833000000000543e-02
4.055696999999999774e-02
1.961715499999999723e-02
4.910187500000000316e-02
5.436870500000000328e-02
5.254543000000000408e-02
2.576909499999999881e-02
5.392659799999999920e-02
3.118206299999999945e-02
4.617361000000000382e-02
3.930050699999999148e-02
2.816308299999999848e-02
4.842372019999999916e-02
4.021012079999999878e-02
3.885139400000000437e-02
2.978898599999999994e-02
1.475311899999999857e-02
3.485095500000000290e-02
3.523060999999999554e-02
3.298272999999999483e-02
3.233172000000000129e-02
1.949746499999999855e-02
5.088475499999999679e-02
3.518036299999999922e-02
4.158501350000000374e-02
3.241959049999999787e-02
3.116620900000000374e-02
4.826864099999998714e-02
2.489210000000000034e-02
2.465111999999999859e-02
4.048392499999999700e-02
5.212604500000000973e-02
4.035689999999999417e-02
1.520846500000000261e-02
2.059262499999999288e-02
4.031417999999999807e-02
5.351843499999999615e-02
5.083306000000000630e-02
5.624122000000000149e-02
3.700854000000000643e-02
3.663326500000000513e-02
4.463912500000000172e-02
8.231389999999999540e-02
7.061147999999999036e-02
4.069168499999999827e-02
4.290739379999999881e-02
4.116848879999999988e-02
3.888243999999999728e-02
4.681615000000000776e-02
4.937620000000000203e-02
4.289371500000000587e-02
3.862553499999999557e-02
3.908277999999999752e-02
3.156431999999999988e-02
2.342470999999999443e-02
6.451131999999998312e-02
4.379957999999999768e-02
4.234384999999998844e-02
5.181105000000001126e-02
2.136261000000000757e-02
2.698849249999999977e-01
1.634584650000000250e-01
3.271720000000000184e-02
2.565229999999997859e-02
2.328009999999997026e-02
4.074490000000000750e-02
3.785305000000001308e-02
3.286130000000000995e-02
6.040250000000002562e-02
3.483705000000000135e-02
4.138390000000002900e-02
5.302334999999998300e-02
7.813389999999997837e-02
2.578545000000002224e-02
3.941475000000004003e-02
5.075795000000000307e-02
8.217975000000000974e-02
5.305865000000000581e-02
2.472889999999998076e-02
2.702819999999999181e-02
4.309832500000002065e-02
5.091922499999998464e-02
4.348273000000003885e-02
4.161103000000001412e-02
3.006584999999995997e-02
3.775370000000002890e-02
3.797730000000000550e-02
4.195714999999999167e-02
7.141220000000002288e-02
2.869400000000002157e-02
4.336041499999998550e-02
3.301011500000000654e-02
4.608381749999997112e-02
3.041816749999998529e-02
2.370770000000000169e-02
3.308029999999999998e-02
3.739224999999998106e-02
1.364379999999998025e-02
1.383270000000001373e-02
4.947704999999999464e-02
3.621194999999997194e-02
3.055654999999999483e-02
2.748815000000002368e-02
3.768260000000001053e-02
4.194094999999999074e-02
2.984899999999994155e-02
4.308049999999995910e-02
5.683430000000003202e-02
3.184085000000003163e-02
4.274989999999998652e-02
4.147590000000005162e-02
7.325969999999996929e-02
4.985199999999996578e-02
7.404064999999998564e-02
9.623472950000000470e-02
5.397222550000000535e-02
3.628164500000003595e-02
7.245769499999998864e-02
5.494664500000003005e-02
5.230274500000001159e-02
5.043959999999998028e-02
4.860959499999997768e-02
3.186599499999996643e-02
6.788530000000002340e-02
4.033644499999996386e-02
5.724045000000000522e-02
8.617204500000000267e-02
4.384214999999999640e-02
5.741499499999996869e-02
3.652379500000002555e-02
2.669834499999997404e-02
4.063175000000003589e-02
2.030649499999999386e-02
3.879419500000000354e-02
4.646039500000003625e-02
5.195579500000004763e-02
4.573020000000002638e-02
