FramewiseDisplacement
1.271415000000000739e-01
5.610100000000003972e-02
1.274144999999999861e-01
1.253315000000000401e-01
1.618445000000001133e-01
9.656100000000014671e-02
1.937000000000000943e-01
1.363295000000000756e-01
9.227949999999966735e-02
1.913190000000000168e-01
2.117715000000000014e-01
2.311479999999998536e-01
1.479989999999999639e-01
1.246670000000001804e-01
1.213289999999999785e-01
1.293045000000000444e-01
9.310649999999996707e-02
8.660550000000008519e-02
1.012954999999999273e-01
7.638950000000006846e-02
5.609299999999999009e-02
1.592409999999999104e-01
1.834144999999999803e-01
1.464654999999999152e-01
7.200349999999988704e-02
9.877400000000005620e-02
6.716949999999999310e-02
1.023809999999998194e-01
1.201779999999999377e-01
7.647400000000006970e-02
1.041269999999999973e-01
1.104305000000000286e-01
9.040999999999990711e-02
1.333859999999999491e-01
8.114199999999999191e-02
6.248750000000010546e-02
9.012949999999989026e-02
3.952600000000001945e-02
4.811149999999995985e-02
1.024779999999999164e-01
1.078850000000000364e-01
1.104350000000000331e-01
9.391750000000002874e-02
3.982749999999991852e-02
1.074975000000000513e-01
1.087820000000000453e-01
1.267715000000001480e-01
9.381800000000005413e-02
9.270500000000009289e-02
4.072599999999984566e-02
5.279949999999999227e-02
1.435219999999998997e-01
1.589119999999999422e-01
8.256300000000008077e-02
1.130320000000000075e-01
7.617199999999996196e-02
9.970599999999997520e-02
1.135019999999999918e-01
8.605349999999997723e-02
6.859999999999999432e-02
5.075750000000002482e-02
6.664850000000002717e-02
1.564889999999999892e-01
4.722350000000001546e-02
1.061314999999999065e-01
1.440284999999999760e-01
8.821549999999993286e-02
6.879850000000001242e-02
1.112814999999999638e-01
7.560000000000008380e-02
1.313320000000000043e-01
1.138500000000000206e-01
5.142400000000001137e-02
6.800149999999996475e-02
1.778629999999999933e-01
1.838555000000000883e-01
1.705174999999999885e-01
1.188564999999999622e-01
1.899105000000000099e-01
1.997024999999999217e-01
1.496840000000000115e-01
1.044755000000000128e-01
1.873915000000000164e-01
1.129870000000000457e-01
1.152849999999999847e-01
9.312349999999997019e-02
8.498200000000001586e-02
7.565250000000002528e-02
1.067844999999999628e-01
1.103221500000000077e-01
9.328380000000000005e-02
1.769537999999999944e-01
2.182202400000000653e-01
7.887826500000004459e-02
2.219209249999999911e-01
1.192067500000000002e-01
4.696042999999997664e-02
7.186067999999999623e-02
4.869805000000001355e-02
9.089807499999998097e-02
1.152113849999999995e-01
3.063292000000000098e-02
8.280888499999998487e-02
9.849709500000000673e-02
7.199876999999998972e-02
7.059284999999998478e-02
6.850185000000001689e-02
8.868600000000001482e-02
5.286439999999999889e-02
8.195467500000000460e-02
7.715232500000002158e-02
6.425819999999998755e-02
7.471840000000001814e-02
8.681259999999998977e-02
2.868689999999998394e-02
3.111875000000000058e-02
5.963307499999998679e-02
7.930897499999998990e-02
1.409265999999999852e-01
3.444904999999999495e-02
3.093883999999999523e-02
8.870265999999998874e-02
1.161611250000000040e-01
4.438144500000000547e-02
3.095426999999999901e-02
3.330963500000000410e-02
8.433353999999999850e-02
6.834813000000000693e-02
2.888852499999999823e-02
3.596028600000000103e-02
7.837983600000000828e-02
6.307853900000000291e-02
1.035945839999999896e-01
7.766579700000000863e-02
8.556476799999998550e-02
5.107527000000000594e-02
4.576084499999999444e-02
7.380033500000000857e-02
1.086805049999999967e-01
2.167473850000000146e-01
1.335865450000000010e-01
5.267203150000000500e-01
5.235157000000000282e-01
1.859548899999999838e-01
7.859732000000001217e-02
1.218728300000000014e-01
1.303956500000000296e-01
1.242245500000000169e-01
9.489074999999999593e-02
1.756789999999999741e-01
9.687629000000003154e-02
1.294271400000000516e-01
1.437987499999999752e-01
1.430934300000000492e-01
1.864263199999999787e-01
1.280942000000000192e-01
2.116641000000000217e-01
1.792248499999999911e-01
8.596519999999996386e-02
6.951240000000005748e-02
7.411394999999998401e-02
8.062739999999994633e-02
4.685799999999996912e-02
8.940054999999999530e-02
8.296020000000001171e-02
9.398209999999999897e-02
7.729939999999999034e-02
2.144534999999999844e-02
1.093396499999999549e-01
1.094272999999999774e-01
1.026527000000000134e-01
6.894402000000005026e-02
4.547482999999996611e-02
1.095566300000000437e-01
1.327859299999999687e-01
1.211111550000000259e-01
1.840580450000000035e-01
1.366822149999999680e-01
1.079763850000000219e-01
7.174573999999993290e-02
1.038816099999999576e-01
1.251493199999999806e-01
7.322360000000001368e-02
8.221324999999998773e-02
6.983105000000003337e-02
8.730419999999999847e-02
9.236325000000000784e-02
5.080296500000002630e-02
8.456766499999998632e-02
1.778848500000000388e-01
1.675705500000000403e-01
1.720505000000001061e-01
3.380199999999999871e-02
1.386244999999999561e-01
1.778557999999999528e-01
4.644005000000005906e-02
6.849124999999996188e-02
7.297979999999994194e-02
9.438180000000005732e-02
6.514299999999995094e-02
7.056829999999997272e-02
4.278030000000002109e-02
5.255299999999997473e-02
4.461849999999999150e-02
4.509699999999995657e-02
5.465499999999999525e-02
4.905299999999990918e-02
1.418004999999999682e-01
9.584100000000003727e-02
1.222819999999999185e-01
2.033335000000000559e-01
2.265950000000000186e-01
1.211704999999999588e-01
6.418249999999996180e-02
2.145824999999999816e-01
2.851139999999999231e-01
8.556500000000001604e-02
3.021044999999999980e-01
2.421389999999999099e-01
1.429160000000001540e-01
2.321000000000000285e-01
1.535020000000000273e-01
1.377146499999999385e-01
6.418515000000010740e-02
7.494855000000011369e-02
9.793160000000002141e-02
6.048405000000004611e-02
8.684120000000007666e-02
6.893299999999995264e-02
1.104529999999999401e-01
1.376582500000000653e-01
1.826466499999999937e-01
2.285432000000000574e-01
1.590044000000000735e-01
1.273099999999999510e-01
9.263855000000005557e-02
5.091259999999991903e-02
1.091358500000000065e-01
7.828719999999998735e-02
1.031132500000000451e-01
1.297009999999999275e-01
1.133525999999999839e-01
1.228829999999999645e-01
1.171838500000000477e-01
1.708756500000000178e-01
2.052744500000000250e-01
5.348435000000003464e-02
6.158855000000000579e-02
1.142541499999999433e-01
1.494771499999999198e-01
6.094754999999994760e-02
1.390066499999998983e-01
1.489372999999999669e-01
1.144452999999999443e-01
1.183810499999999183e-01
1.097886500000000154e-01
8.852700000000009173e-02
7.949439999999996509e-02
7.673880000000005142e-02
